1040 1930
7.300000 9.826795 1
7.400000 10.000000 0
7.200000 10.000000 0
7.500000 9.826796 1
7.600000 10.000000 0
7.700002 9.826799 1
7.800000 10.000000 0
7.900011 9.826811 1
8.000000 10.000000 0
8.100041 9.826840 1
8.200000 10.000000 0
8.300128 9.826893 1
8.400000 10.000000 0
8.500334 9.826964 1
8.600000 10.000000 0
8.700749 9.827041 1
8.800000 10.000000 0
8.901427 9.827153 1
9.000000 10.000000 0
9.102324 9.827316 1
9.200000 10.000000 0
9.303625 9.827213 1
9.400000 10.000000 0
9.507698 9.826240 1
9.600000 10.000000 0
9.707205 9.840112 1
9.800000 10.000000 0
9.868964 9.869840 1
10.000000 10.000000 0
10.000000 9.800000 0
9.837681 9.709203 1
10.000000 9.600000 0
9.820952 9.509867 1
10.000000 9.400000 0
9.820171 9.304181 1
10.000000 9.200000 0
9.821795 9.101304 1
10.000000 9.000000 0
9.824164 8.900148 1
10.000000 8.800000 0
9.825560 8.699957 1
10.000000 8.600000 0
9.826258 8.499968 1
10.000000 8.400000 0
9.826588 8.299988 1
10.000000 8.200000 0
9.826729 8.099998 1
10.000000 8.000000 0
9.826778 7.900001 1
10.000000 7.800000 0
9.826792 7.700001 1
10.000000 7.600000 0
9.826795 7.500000 1
10.000000 7.400000 0
9.826795 7.300000 1
10.000000 7.200000 0
9.826795 7.100000 1
10.000000 7.000000 0
9.826795 6.900000 1
10.000000 6.800000 0
9.826795 6.700000 1
10.000000 6.600000 0
9.826795 6.500000 1
10.000000 6.400000 0
9.826795 6.300000 1
10.000000 6.200000 0
9.826795 6.100000 1
10.000000 6.000000 0
9.826795 5.900000 1
10.000000 5.800000 0
9.826795 5.700000 1
10.000000 5.600000 0
9.826795 5.500000 1
10.000000 5.400000 0
9.826795 5.300000 1
10.000000 5.200000 0
9.826795 5.100000 1
10.000000 5.000000 0
9.826795 4.900000 1
10.000000 4.800000 0
9.826795 4.700000 1
10.000000 4.600000 0
9.826795 4.500000 1
10.000000 4.400000 0
9.826795 4.300000 1
10.000000 4.200000 0
9.826795 4.100000 1
10.000000 4.000000 0
9.826795 3.900000 1
10.000000 3.800000 0
9.826795 3.700000 1
10.000000 3.600000 0
9.826795 3.500000 1
10.000000 3.400000 0
9.826795 3.300000 1
10.000000 3.200000 0
9.826795 3.100000 1
10.000000 3.000000 0
9.826795 2.900000 1
10.000000 2.800000 0
9.826795 2.700000 1
10.000000 2.600000 0
9.826796 2.500000 1
10.000000 2.400000 0
9.826795 2.300001 1
10.000000 2.200000 0
9.826790 2.100004 1
10.000000 2.000000 0
9.826769 1.899997 1
10.000000 1.800000 0
9.826718 1.699942 1
10.000000 1.600000 0
9.826645 1.499748 1
10.000000 1.400000 0
9.826605 1.299307 1
10.000000 1.200000 0
9.826694 1.098594 1
10.000000 1.000000 0
9.826888 0.897739 1
10.000000 0.800000 0
9.826661 0.696703 1
10.000000 0.600000 0
9.824934 0.493506 1
10.000000 0.400000 0
9.835630 0.297254 1
10.000000 0.200000 0
9.912641 0.087587 1
10.000000 0.000000 0
9.800000 0.000000 0
9.600000 0.000000 0
9.704722 0.166774 1
9.400000 0.000000 0
9.508581 0.180216 1
9.200000 0.000000 0
9.303722 0.180030 1
9.000000 0.000000 0
9.101120 0.177994 1
8.800000 0.000000 0
8.900103 0.175431 1
8.600000 0.000000 0
8.699998 0.174015 1
8.400000 0.000000 0
8.500047 0.173424 1
8.200000 0.000000 0
8.300056 0.173237 1
8.000000 0.000000 0
8.100037 0.173200 1
7.800000 0.000000 0
7.900016 0.173201 1
7.600000 0.000000 0
7.700005 0.173204 1
7.400000 0.000000 0
7.500001 0.173205 1
7.200000 0.000000 0
7.300000 0.173205 1
7.000000 0.000000 0
7.100000 0.173205 1
6.800000 0.000000 0
6.900000 0.173205 1
6.600000 0.000000 0
6.700000 0.173205 1
6.400000 0.000000 0
6.500000 0.173205 1
6.200000 0.000000 0
6.300000 0.173205 2
7.100000 9.826795 2
9.850587 0.150333 1
7.200000 9.653590 2
7.400001 9.653591 1
7.600004 9.653597 1
7.800018 9.653618 1
8.000062 9.653674 1
8.200181 9.653785 1
8.400465 9.653945 1
8.601070 9.654096 1
8.802207 9.654192 1
9.003881 9.654489 1
9.205553 9.655162 1
9.406587 9.654738 1
9.629012 9.635622 1
9.638646 9.410381 1
9.639001 9.203550 1
9.646443 8.999763 1
9.650084 8.799567 1
9.651889 8.599755 1
9.652842 8.399879 1
9.653315 8.199951 1
9.653508 7.999991 1
9.653569 7.800005 1
9.653584 7.600005 1
9.653588 7.400002 1
9.653589 7.200001 1
9.653590 7.000000 1
9.653590 6.800000 1
9.653590 6.600000 1
9.653590 6.400000 1
9.653590 6.200000 1
9.653590 6.000000 1
9.653590 5.800000 1
9.653590 5.600000 1
9.653590 5.400000 1
9.653590 5.200000 1
9.653590 5.000000 1
9.653590 4.800000 1
9.653590 4.600000 1
9.653590 4.400000 1
9.653590 4.200000 1
9.653590 4.000000 1
9.653590 3.800000 1
9.653590 3.600000 1
9.653590 3.400000 1
9.653590 3.200000 1
9.653590 3.000000 1
9.653590 2.800000 1
9.653590 2.600000 1
9.653592 2.400002 1
9.653589 2.200010 1
9.653562 2.000027 1
9.653461 1.800009 1
9.653239 1.599814 1
9.652949 1.399181 1
9.652830 1.197874 1
9.653275 0.996054 1
9.654196 0.794502 1
9.653635 0.594034 1
9.633580 0.372823 1
9.409357 0.361810 1
9.202974 0.360545 1
8.999496 0.352481 1
8.799597 0.348583 1
8.599996 0.346968 1
8.400155 0.346451 1
8.200141 0.346361 1
8.000079 0.346379 1
7.800033 0.346402 1
7.600011 0.346410 1
7.400003 0.346411 1
7.200001 0.346411 1
7.000000 0.346410 1
6.800000 0.346410 1
6.600000 0.346410 1
6.400000 0.346410 2
7.300002 9.480387 2
7.500010 9.480394 1
7.700032 9.480425 1
7.900091 9.480510 1
8.100234 9.480691 1
8.300544 9.480989 1
8.501161 9.481326 1
8.702361 9.481443 1
8.904716 9.481133 1
9.107935 9.482063 1
9.309589 9.485273 1
9.484353 9.499175 1
9.437746 9.309972 1
9.467803 9.095390 1
9.473907 8.897997 1
9.476659 8.699073 1
9.478454 8.499472 1
9.479591 8.299726 1
9.480122 8.099918 1
9.480307 7.900009 1
9.480357 7.700027 1
9.480372 7.500017 1
9.480380 7.300006 1
9.480384 7.100001 1
9.480385 6.900000 1
9.480385 6.700000 1
9.480385 6.500000 1
9.480385 6.300000 1
9.480385 6.100000 1
9.480385 5.900000 1
9.480385 5.700000 1
9.480385 5.500000 1
9.480385 5.300000 1
9.480385 5.100000 1
9.480385 4.900000 1
9.480385 4.700000 1
9.480385 4.500000 1
9.480385 4.300000 1
9.480385 4.100000 1
9.480385 3.900000 1
9.480385 3.700000 1
9.480385 3.500000 1
9.480385 3.300000 1
9.480385 3.100000 1
9.480385 2.900000 1
9.480386 2.699999 1
9.480391 2.499998 1
9.480398 2.300007 1
9.480389 2.100050 1
9.480285 1.900133 1
9.479924 1.700137 1
9.479170 1.499668 1
9.478285 1.298133 1
9.477967 1.095104 1
9.479834 0.891516 1
9.483906 0.690157 1
9.497973 0.516076 1
9.308722 0.561459 1
9.094481 0.530112 1
8.897707 0.522956 1
8.699534 0.520181 1
8.500291 0.519385 1
8.300405 0.519342 1
8.100284 0.519471 1
7.900150 0.519573 1
7.700065 0.519616 1
7.500023 0.519623 1
7.300007 0.519620 1
7.100001 0.519617 1
6.900000 0.519615 1
6.700000 0.519615 1
6.500000 0.519615 1
6.300000 0.519615 2
7.400021 9.307189 2
7.600062 9.307224 1
7.800154 9.307332 1
8.000341 9.307586 1
8.200694 9.308045 1
8.401299 9.308702 1
8.602229 9.309296 1
8.803866 9.308906 1
9.008959 9.305711 1
9.215408 9.310452 1
9.308238 9.165133 1
9.299490 8.995043 1
9.300645 8.797984 1
9.302873 8.598524 1
9.305339 8.398994 1
9.306558 8.199627 1
9.306973 8.000001 1
9.307079 7.800108 1
9.307117 7.600085 1
9.307146 7.400040 1
9.307167 7.200013 1
9.307177 7.000003 1
9.307179 6.800000 1
9.307179 6.600000 1
9.307179 6.400000 1
9.307179 6.200000 1
9.307179 6.000000 1
9.307179 5.800000 1
9.307179 5.600000 1
9.307179 5.400000 1
9.307179 5.200000 1
9.307179 5.000000 1
9.307179 4.800000 1
9.307179 4.600000 1
9.307179 4.400000 1
9.307179 4.200000 1
9.307179 4.000000 1
9.307179 3.800000 1
9.307179 3.600000 1
9.307179 3.400000 1
9.307179 3.200000 1
9.307179 2.999999 1
9.307180 2.799995 1
9.307187 2.599985 1
9.307206 2.399977 1
9.307241 2.200013 1
9.307230 2.000178 1
9.306939 1.800509 1
9.305885 1.600714 1
9.303614 1.399746 1
9.301503 1.196497 1
9.300078 0.989496 1
9.307668 0.782809 1
9.162893 0.688829 1
8.993343 0.694862 1
8.798278 0.691929 1
8.600464 0.691424 1
8.400994 0.691834 1
8.200827 0.692332 1
8.000520 0.692669 1
7.800275 0.692829 1
7.600124 0.692866 1
7.400046 0.692852 1
7.200013 0.692833 1
7.000003 0.692824 1
6.800000 0.692821 1
6.600000 0.692820 1
6.400000 0.692820 1
6.200000 0.692820 2
7.500120 9.134007 2
7.700280 9.134119 1
7.900562 9.134421 1
8.101011 9.135026 1
8.301710 9.135969 1
8.502620 9.137278 1
8.703229 9.138531 1
8.902556 9.137239 1
9.119493 9.113961 1
9.124815 8.898394 1
9.123980 8.697309 1
9.130386 8.496932 1
9.132958 8.298738 1
9.133646 8.099950 1
9.133716 7.900363 1
9.133734 7.700330 1
9.133811 7.500182 1
9.133895 7.300073 1
9.133947 7.100021 1
9.133968 6.900004 1
9.133974 6.700001 1
9.133975 6.500000 1
9.133975 6.300000 1
9.133975 6.100000 1
9.133975 5.900000 1
9.133975 5.700000 1
9.133975 5.500000 1
9.133975 5.300000 1
9.133975 5.100000 1
9.133975 4.900000 1
9.133975 4.700000 1
9.133975 4.500000 1
9.133975 4.300000 1
9.133975 4.100000 1
9.133975 3.900000 1
9.133975 3.700000 1
9.133975 3.500000 1
9.133975 3.300000 1
9.133974 3.099998 1
9.133974 2.899988 1
9.133978 2.699961 1
9.134001 2.499909 1
9.134073 2.299867 1
9.134215 2.099976 1
9.134283 1.900495 1
9.133684 1.701602 1
9.131061 1.502725 1
9.124093 1.300443 1
9.122599 1.095314 1
9.108246 0.874847 1
8.896146 0.860498 1
8.700866 0.861507 1
8.502232 0.863358 1
8.302035 0.864744 1
8.101452 0.865608 1
7.900900 0.866078 1
7.700478 0.866220 1
7.500211 0.866181 1
7.300076 0.866104 1
7.100021 0.866053 1
6.900004 0.866032 1
6.700001 0.866026 1
6.500000 0.866025 1
6.300000 0.866025 1
6.100000 0.866025 2
7.600489 8.960849 2
7.800964 8.961123 1
8.001632 8.961826 1
8.202454 8.963049 1
8.403683 8.964512 1
8.604980 8.967175 1
8.804062 8.971238 1
8.975871 8.984391 1
8.927944 8.800052 1
8.955792 8.590317 1
8.960268 8.396417 1
8.960816 8.199830 1
8.960321 8.001071 1
8.960053 7.801050 1
8.960171 7.600637 1
8.960424 7.400289 1
8.960624 7.200102 1
8.960724 7.000029 1
8.960760 6.800006 1
8.960768 6.600001 1
8.960770 6.400000 1
8.960770 6.200000 1
8.960770 6.000000 1
8.960770 5.800000 1
8.960770 5.600000 1
8.960770 5.400000 1
8.960770 5.200000 1
8.960770 5.000000 1
8.960770 4.800000 1
8.960770 4.600000 1
8.960770 4.400000 1
8.960770 4.200000 1
8.960770 4.000000 1
8.960770 3.800000 1
8.960770 3.600000 1
8.960770 3.400000 1
8.960769 3.199996 1
8.960766 2.999979 1
8.960763 2.799926 1
8.960771 2.599804 1
8.960836 2.399608 1
8.961060 2.199445 1
8.961563 1.999703 1
8.962123 1.801100 1
8.961451 1.604329 1
8.956517 1.409660 1
8.927285 1.198459 1
8.971709 1.011493 1
8.802156 1.027864 1
8.604830 1.033423 1
8.404392 1.036631 1
8.203375 1.038248 1
8.002403 1.039413 1
7.801457 1.039881 1
7.600734 1.039816 1
7.400304 1.039573 1
7.200104 1.039376 1
7.000029 1.039276 1
6.800006 1.039240 1
6.600001 1.039232 1
6.400000 1.039231 1
6.200000 1.039230 1
6.000000 1.039230 2
7.701538 8.787665 2
7.902682 8.788234 2
8.103920 8.789767 1
8.304799 8.791993 1
8.507434 8.792245 1
8.710189 8.799296 1
8.800416 8.657840 1
8.791305 8.492050 1
8.790014 8.299849 1
8.787310 8.102899 1
8.785805 7.902880 1
8.785787 7.701822 1
8.786403 7.500889 1
8.787004 7.300355 1
8.787356 7.100121 1
8.787506 6.900036 1
8.787553 6.700009 1
8.787562 6.500002 1
8.787564 6.300000 1
8.787564 6.100000 1
8.787564 5.900000 1
8.787564 5.700000 1
8.787564 5.500000 1
8.787564 5.300000 1
8.787564 5.100000 1
8.787564 4.900000 1
8.787564 4.700000 1
8.787564 4.500000 1
8.787564 4.300000 1
8.787564 4.100000 1
8.787564 3.900000 1
8.787564 3.700000 1
8.787563 3.499999 1
8.787560 3.299994 1
8.787551 3.099968 1
8.787533 2.899883 1
8.787511 2.699674 1
8.787519 2.499275 1
8.787670 2.298691 1
8.788253 2.098170 1
8.789836 1.898629 1
8.792221 1.701819 1
8.792980 1.509298 1
8.801353 1.342790 1
8.710614 1.201247 1
8.508730 1.209343 1
8.306453 1.210192 1
8.105444 1.212754 1
7.903730 1.214213 1
7.702051 1.214218 1
7.500936 1.213598 1
7.300362 1.212997 1
7.100121 1.212644 1
6.900037 1.212494 1
6.700010 1.212448 1
6.500002 1.212437 1
6.300000 1.212436 1
6.100000 1.212436 2
8.006411 8.615168 2
8.208127 8.619066 1
8.405689 8.624035 1
8.617222 8.606673 1
8.624592 8.400598 1
8.616014 8.207366 1
8.610533 8.007153 1
8.609851 7.804448 1
8.611132 7.602213 1
8.612662 7.400936 1
8.613657 7.200366 1
8.614130 7.000137 1
8.614302 6.800049 1
8.614348 6.600015 1
8.614358 6.400003 1
8.614359 6.200000 1
8.614359 6.000000 1
8.614359 5.800000 1
8.614359 5.600000 1
8.614359 5.400000 1
8.614359 5.200000 1
8.614359 5.000000 1
8.614359 4.800000 1
8.614359 4.600000 1
8.614359 4.400000 1
8.614359 4.200000 1
8.614359 4.000000 1
8.614359 3.800000 1
8.614358 3.600000 1
8.614349 3.399994 1
8.614326 3.199962 1
8.614273 2.999846 1
8.614191 2.799542 1
8.614109 2.598920 1
8.614108 2.397896 1
8.614361 2.196484 1
8.615487 1.994905 1
8.620175 1.795360 1
8.627611 1.601984 1
8.619170 1.395246 1
8.408265 1.378965 1
8.210850 1.385088 1
8.008467 1.389786 1
7.804851 1.390228 1
7.602309 1.388886 1
7.400953 1.387343 1
7.200369 1.386347 1
7.000139 1.385873 1
6.800050 1.385701 1
6.600016 1.385652 1
6.400004 1.385642 1
6.200001 1.385641 1
6.000000 1.385641 2
8.114511 8.439873 1
8.316344 8.454264 1
8.482716 8.480515 1
8.451464 8.317411 1
8.432551 8.117146 1
8.430984 7.909530 1
8.433331 7.704561 1
8.436935 7.501875 1
8.439303 7.300807 1
8.440486 7.100379 1
8.440960 6.900178 1
8.441110 6.700073 1
8.441147 6.500024 1
8.441154 6.300005 1
8.441154 6.100001 1
8.441154 5.900000 1
8.441154 5.700000 1
8.441154 5.500000 1
8.441154 5.300000 1
8.441154 5.100000 1
8.441154 4.900000 1
8.441154 4.700000 1
8.441154 4.500000 1
8.441154 4.300000 1
8.441154 4.100000 1
8.441154 3.900000 1
8.441152 3.700001 1
8.441137 3.499998 1
8.441090 3.299971 1
8.440974 3.099846 1
8.440769 2.899465 1
8.440510 2.698614 1
8.440325 2.497134 1
8.440343 2.295050 1
8.440477 2.092296 1
8.440657 1.886963 1
8.456622 1.686969 1
8.486101 1.522864 1
8.320724 1.550891 1
8.118619 1.568232 1
7.910056 1.569237 1
7.704708 1.566725 1
7.501908 1.563083 1
7.300817 1.560709 1
7.100385 1.559523 1
6.900183 1.559046 1
6.700077 1.558892 1
6.500026 1.558854 1
6.300006 1.558847 1
6.100001 1.558846 1
7.908232 8.440257 2
5.900000 1.558846 2
8.012724 8.265565 2
8.238058 8.245457 2
8.248485 8.017168 2
8.250033 7.808044 1
8.259111 7.602485 1
8.264059 7.401207 1
8.266472 7.200780 1
8.267476 7.000492 1
8.267821 6.800259 1
8.267919 6.600107 1
8.267941 6.400033 1
8.267947 6.200007 1
8.267949 6.000001 1
8.267949 5.800000 1
8.267949 5.600000 1
8.267949 5.400000 1
8.267949 5.200000 1
8.267949 5.000000 1
8.267949 4.800000 1
8.267949 4.600000 1
8.267949 4.400000 1
8.267949 4.200000 1
8.267949 4.000000 1
8.267944 3.800003 1
8.267925 3.600008 1
8.267854 3.400002 1
8.267656 3.199914 1
8.267243 2.999542 1
8.266620 2.798540 1
8.266002 2.596555 1
8.265861 2.393630 1
8.266347 2.190456 1
8.265920 1.987779 1
8.246576 1.763064 1
8.017666 1.751873 1
7.808210 1.750072 1
7.602533 1.740929 1
7.401227 1.735968 1
7.200796 1.733546 1
7.000508 1.732529 1
6.800273 1.732174 1
6.600117 1.732074 1
6.400039 1.732053 1
6.200009 1.732050 1
6.000001 1.732051 2
8.047065 7.915984 2
8.079967 7.699140 2
8.088432 7.500603 2
8.092319 7.301176 2
8.093918 7.101106 1
8.094476 6.900727 1
8.094647 6.700355 1
8.094705 6.500129 1
8.094728 6.300033 1
8.094739 6.100005 1
8.094743 5.900000 1
8.094744 5.700000 1
8.094744 5.500000 1
8.094744 5.300000 1
8.094744 5.100000 1
8.094744 4.900000 1
8.094744 4.700000 1
8.094744 4.500000 1
8.094744 4.300000 1
8.094743 4.100001 1
8.094737 3.900007 1
8.094712 3.700023 1
8.094624 3.500053 1
8.094363 3.300058 1
8.093734 3.099853 1
8.092539 2.898961 1
8.090991 2.696705 1
8.089789 2.492572 1
8.090695 2.287455 1
8.094004 2.084160 1
8.107946 1.908099 1
7.916114 1.953064 1
7.699193 1.920100 1
7.500632 1.911615 1
7.301202 1.907701 1
7.101138 1.906056 1
6.900765 1.905461 1
6.700394 1.905282 1
6.500159 1.905246 1
6.300050 1.905247 1
6.100012 1.905253 1
5.900002 1.905255 2
7.920671 7.202161 2
7.921124 7.001723 2
7.921262 6.800952 2
7.921363 6.600379 1
7.921448 6.400101 1
7.921503 6.200012 1
7.921527 5.999997 1
7.921536 5.799999 1
7.921538 5.600000 1
7.921539 5.400000 1
7.921539 5.200000 1
7.921539 5.000000 1
7.921539 4.800000 1
7.921539 4.600000 1
7.921538 4.400001 1
7.921536 4.200004 1
7.921528 4.000015 1
7.921495 3.800050 1
7.921392 3.600125 1
7.921106 3.400250 1
7.920386 3.200344 1
7.918751 3.000018 1
7.915699 2.798171 1
7.912557 2.593689 1
7.909859 2.385089 1
7.916215 2.176583 1
7.769251 2.080619 1
7.598040 2.085400 1
7.401307 2.080982 1
7.202183 2.079188 1
7.001782 2.078593 1
6.801054 2.078408 1
6.600491 2.078376 1
6.400184 2.078403 1
6.200055 2.078435 1
6.000012 2.078453 1
5.800001 2.078460 2
7.747691 6.700889 2
7.747958 6.500210 1
7.748168 6.299989 1
7.748273 6.099967 1
7.748313 5.899987 1
7.748327 5.699998 1
7.748332 5.500000 1
7.748333 5.300000 1
7.748334 5.100000 1
7.748334 4.900000 1
7.748333 4.700000 1
7.748332 4.500000 1
7.748328 4.300004 1
7.748316 4.100025 1
7.748277 3.900088 1
7.748154 3.700228 1
7.747837 3.500477 1
7.747137 3.300857 1
7.745611 3.101319 1
7.742054 2.901270 1
7.734031 2.697400 1
7.731332 2.490512 1
7.715331 2.267915 1
7.500977 2.251624 1
7.303854 2.250980 1
7.103647 2.251275 1
6.902344 2.251352 1
6.701195 2.251339 1
6.500512 2.251427 1
6.300180 2.251543 1
6.100049 2.251621 1
5.900009 2.251655 1
5.700000 2.251665 2
7.573880 6.600250 2
7.574561 6.399793 1
7.574910 6.199821 1
7.575043 5.999928 1
7.575090 5.799988 1
7.575112 5.600004 1
7.575123 5.400003 1
7.575128 5.200001 1
7.575129 5.000000 1
7.575128 4.799998 1
7.575124 4.599996 1
7.575115 4.399996 1
7.575098 4.200018 1
7.575058 4.000112 1
7.574933 3.800347 1
7.574574 3.600779 1
7.573779 3.401391 1
7.572503 3.202252 1
7.570318 3.003832 1
7.564512 2.806926 1
7.534124 2.593119 1
7.578265 2.404672 1
7.406755 2.419639 1
7.207006 2.423249 1
7.004527 2.424298 1
6.802338 2.424028 1
6.601114 2.424141 1
6.400464 2.424439 1
6.200158 2.424684 1
6.000041 2.424814 1
5.800009 2.424862 1
5.600003 2.424872 2
7.400393 6.499015 2
7.401360 6.299318 1
7.401683 6.099736 1
7.401784 5.899960 1
7.401840 5.700023 1
7.401884 5.500021 1
7.401910 5.300008 1
7.401920 5.100001 1
7.401920 4.899995 1
7.401912 4.699984 1
7.401892 4.499966 1
7.401860 4.299963 1
7.401821 4.100049 1
7.401742 3.900363 1
7.401453 3.701064 1
7.400558 3.502144 1
7.398678 3.303178 1
7.397244 3.104354 1
7.396869 2.907930 1
7.405969 2.738339 1
7.313740 2.593949 1
7.108208 2.599282 1
6.903466 2.596437 1
6.701893 2.596218 1
6.500976 2.596862 1
6.300426 2.597482 1
6.100166 2.597859 1
5.900070 2.598031 1
5.700036 2.598082 1
5.500020 2.598085 2
7.227750 6.397942 2
7.228303 6.199261 1
7.228359 5.999932 1
7.228419 5.800118 1
7.228533 5.600099 1
7.228634 5.400047 1
7.228690 5.200013 1
7.228707 4.999991 1
7.228694 4.799959 1
7.228652 4.599897 1
7.228584 4.399815 1
7.228517 4.199793 1
7.228503 4.000044 1
7.228488 3.800911 1
7.228018 3.602712 1
7.225955 3.405191 1
7.220392 3.205528 1
7.222239 3.005103 1
7.217866 2.790201 1
7.001481 2.767710 1
6.802310 2.766870 1
6.601788 2.768381 1
6.401031 2.769757 1
6.200559 2.770633 1
6.000339 2.771116 1
5.800220 2.771300 1
5.600135 2.771328 2
7.055428 6.298376 2
7.054894 6.100076 2
7.054683 5.900492 2
7.054866 5.700380 2
7.055157 5.500192 1
7.055366 5.300069 1
7.055458 5.099999 1
7.055461 4.899924 1
7.055388 4.699782 1
7.055244 4.499543 1
7.055079 4.299260 1
7.055042 4.099163 1
7.055341 3.899759 1
7.055895 3.701829 1
7.055636 3.506113 1
7.051824 3.313012 1
7.025085 3.104084 1
7.073992 2.920014 1
6.902282 2.933767 1
6.703349 2.938375 1
6.502329 2.941333 1
6.301538 2.942856 1
6.101200 2.943983 1
5.900901 2.944539 1
5.700603 2.944670 2
6.881126 5.600614 2
6.881736 5.400246 1
6.882077 5.200054 1
6.882175 4.999899 1
6.882082 4.799642 1
6.881815 4.599163 1
6.881443 4.398440 1
6.881188 4.197661 1
6.881483 3.997330 1
6.883006 3.798505 1
6.885648 3.602848 1
6.887191 3.411706 1
6.896906 3.246528 1
6.807559 3.105780 1
6.605196 3.113425 1
6.403300 3.113977 1
6.203310 3.116281 1
6.002806 3.117798 1
5.802030 3.118254 2
6.707357 5.500651 2
6.708319 5.300206 1
6.708727 5.099927 1
6.708698 4.899539 1
6.708280 4.698785 1
6.707546 4.497481 1
6.706819 4.295703 1
6.706699 4.093930 1
6.707966 3.892879 1
6.713069 3.694792 1
6.721134 3.503249 1
6.714007 3.298263 1
6.503598 3.281546 1
6.307525 3.286827 1
6.107226 3.291108 1
5.905461 3.292304 1
5.703693 3.292384 2
6.533750 5.400454 1
6.534873 5.200035 1
6.535142 4.999551 1
6.534647 4.798604 1
6.533405 4.596767 1
6.531759 4.393763 1
6.530834 4.190064 1
6.531560 3.986812 1
6.533312 3.782964 1
6.550257 3.585893 1
6.580191 3.424278 1
6.415909 3.450574 1
6.216805 3.465732 1
6.012115 3.466950 1
5.808833 3.467701 1
6.531502 5.601285 2
5.605465 3.467008 2
6.357897 5.500551 2
6.360236 5.300147 1
6.361205 5.099681 1
6.360919 4.898767 1
6.359250 4.696793 1
6.356237 4.492949 1
6.352998 4.286659 1
6.353514 4.080087 1
6.357468 3.877417 1
6.342303 3.656801 1
6.120941 3.640646 1
5.918134 3.644237 1
5.711941 3.644645 2
6.184464 5.400049 2
6.186517 5.199762 2
6.187013 4.999155 1
6.185367 4.797679 1
6.181274 4.594276 1
6.174655 4.387145 1
6.167640 4.173211 1
6.179339 3.963414 1
6.206383 3.791509 1
6.034045 3.817878 1
5.824357 3.828679 1
5.611322 3.820980 2
6.012669 5.099244 2
6.011981 4.898929 1
6.007491 4.697156 1
5.999539 4.492769 1
5.985254 4.281757 1
5.956914 4.038933 1
5.714865 4.007560 2
5.839147 4.999345 3
5.835851 4.800506 1
5.825511 4.598698 1
5.817083 4.397943 1
5.790763 4.201298 2
5.666323 4.901888 2
5.659755 4.707521 2
5.627558 4.497765 2
5.668088 4.317640 2
 0 1 2
 3 4 1
 5 6 4
 7 8 6
 9 10 8
 11 12 10
 13 14 12
 15 16 14
 17 18 16
 19 20 18
 21 22 20
 23 24 22
 25 26 24
 26 27 28
 27 29 28
 30 31 29
 31 32 33
 33 34 35
 35 36 37
 37 38 39
 39 40 41
 41 42 43
 43 44 45
 45 46 47
 47 48 49
 49 50 51
 51 52 53
 53 54 55
 55 56 57
 57 58 59
 59 60 61
 61 62 63
 63 64 65
 65 66 67
 67 68 69
 69 70 71
 71 72 73
 73 74 75
 75 76 77
 77 78 79
 79 80 81
 81 82 83
 83 84 85
 85 86 87
 87 88 89
 89 90 91
 91 92 93
 93 94 95
 95 96 97
 97 98 99
 99 100 101
 101 102 103
 103 104 105
 105 106 107
 107 108 109
 109 110 111
 111 112 113
 113 114 115
 115 116 117
 117 118 119
 119 120 121
 121 122 123
 123 124 125
 126 127 125
 128 127 126
 129 128 130
 131 129 132
 133 131 134
 135 133 136
 137 135 138
 139 137 140
 141 139 142
 143 141 144
 145 143 146
 147 145 148
 149 147 150
 151 149 152
 153 151 154
 155 153 156
 157 155 158
 159 157 160
 161 159 162
 163 161 164
 165 0 2
 0 3 1
 3 5 4
 5 7 6
 7 9 8
 9 11 10
 11 13 12
 13 15 14
 15 17 16
 17 19 18
 19 21 20
 21 23 22
 23 25 24
 26 25 27
 27 30 29
 32 31 30
 32 34 33
 34 36 35
 36 38 37
 38 40 39
 40 42 41
 42 44 43
 44 46 45
 46 48 47
 48 50 49
 50 52 51
 52 54 53
 54 56 55
 56 58 57
 58 60 59
 60 62 61
 62 64 63
 64 66 65
 66 68 67
 68 70 69
 70 72 71
 72 74 73
 74 76 75
 76 78 77
 79 78 80
 81 80 82
 83 82 84
 85 84 86
 87 86 88
 89 88 90
 91 90 92
 93 92 94
 95 94 96
 97 96 98
 99 98 100
 101 100 102
 103 102 104
 105 104 106
 107 106 108
 109 108 110
 111 110 112
 113 112 114
 115 114 116
 117 116 118
 119 118 120
 121 120 122
 123 122 124
 124 166 125
 166 126 125
 166 128 126
 130 128 166
 129 130 132
 131 132 134
 133 134 136
 135 136 138
 137 138 140
 139 140 142
 141 142 144
 143 144 146
 145 146 148
 147 148 150
 149 150 152
 151 152 154
 153 154 156
 155 156 158
 157 158 160
 159 160 162
 161 162 164
 0 165 167
 3 0 168
 5 3 169
 7 5 170
 9 7 171
 11 9 172
 13 11 173
 15 13 174
 17 15 175
 19 17 176
 21 19 177
 23 21 178
 23 179 25
 30 27 25
 32 30 179
 32 180 34
 34 181 36
 36 182 38
 38 183 40
 40 184 42
 185 44 42
 44 186 46
 46 187 48
 48 188 50
 50 189 52
 52 190 54
 54 191 56
 56 192 58
 58 193 60
 60 194 62
 62 195 64
 64 196 66
 66 197 68
 68 198 70
 70 199 72
 72 200 74
 74 201 76
 76 202 78
 203 80 78
 204 82 80
 205 84 82
 206 86 84
 207 88 86
 208 90 88
 209 92 90
 210 94 92
 211 96 94
 212 98 96
 213 100 98
 214 102 100
 215 104 102
 216 106 104
 217 108 106
 218 110 108
 219 112 110
 220 114 112
 221 116 114
 222 118 116
 223 120 118
 224 122 120
 225 124 122
 130 166 124
 130 225 132
 134 132 226
 136 134 227
 138 136 228
 140 138 229
 142 140 230
 142 231 144
 146 144 232
 148 146 233
 150 148 234
 152 150 235
 154 152 236
 156 154 237
 158 156 238
 160 158 239
 162 160 240
 164 162 241
 168 0 167
 169 3 168
 170 5 169
 171 7 170
 172 9 171
 173 11 172
 174 13 173
 175 15 174
 176 17 175
 177 19 176
 178 21 177
 23 178 179
 179 30 25
 32 179 180
 180 181 34
 181 182 36
 182 183 38
 183 184 40
 184 185 42
 186 44 185
 186 187 46
 187 188 48
 188 189 50
 189 190 52
 190 191 54
 191 192 56
 192 193 58
 193 194 60
 194 195 62
 195 196 64
 196 197 66
 197 198 68
 198 199 70
 199 200 72
 200 201 74
 201 202 76
 202 203 78
 203 204 80
 204 205 82
 205 206 84
 206 207 86
 207 208 88
 208 209 90
 209 210 92
 210 211 94
 211 212 96
 212 213 98
 213 214 100
 214 215 102
 215 216 104
 216 217 106
 217 218 108
 218 219 110
 219 220 112
 220 221 114
 221 222 116
 222 223 118
 223 224 120
 224 225 122
 130 124 225
 225 226 132
 134 226 227
 136 227 228
 138 228 229
 140 229 230
 142 230 231
 231 232 144
 146 232 233
 148 233 234
 150 234 235
 152 235 236
 154 236 237
 156 237 238
 158 238 239
 160 239 240
 162 240 241
 168 167 242
 169 168 243
 170 169 244
 170 245 171
 172 171 246
 173 172 247
 174 173 248
 175 174 249
 176 175 250
 251 177 176
 178 177 252
 253 179 178
 180 179 253
 180 254 181
 181 255 182
 182 256 183
 183 257 184
 184 258 185
 185 259 186
 186 260 187
 261 188 187
 188 262 189
 189 263 190
 190 264 191
 191 265 192
 192 266 193
 193 267 194
 194 268 195
 195 269 196
 196 270 197
 197 271 198
 198 272 199
 199 273 200
 200 274 201
 201 275 202
 202 276 203
 203 277 204
 278 205 204
 205 279 206
 280 207 206
 281 208 207
 282 209 208
 209 283 210
 284 211 210
 285 212 211
 286 213 212
 287 214 213
 288 215 214
 289 216 215
 217 216 290
 291 218 217
 292 219 218
 293 220 219
 294 221 220
 295 222 221
 296 223 222
 297 224 223
 225 224 298
 225 298 226
 227 226 299
 228 227 300
 229 228 301
 230 229 302
 231 230 303
 232 231 304
 233 232 305
 233 306 234
 235 234 307
 236 235 308
 237 236 309
 238 237 310
 239 238 311
 240 239 312
 241 240 313
 243 168 242
 244 169 243
 170 244 245
 246 171 245
 247 172 246
 248 173 247
 249 174 248
 250 175 249
 250 251 176
 252 177 251
 253 178 252
 180 253 254
 254 255 181
 255 256 182
 256 257 183
 257 258 184
 258 259 185
 259 260 186
 260 261 187
 262 188 261
 262 263 189
 263 264 190
 264 265 191
 265 266 192
 266 267 193
 267 268 194
 268 269 195
 269 270 196
 270 271 197
 271 272 198
 272 273 199
 273 274 200
 274 275 201
 275 276 202
 276 277 203
 277 278 204
 205 278 279
 279 280 206
 280 281 207
 281 282 208
 209 282 283
 283 284 210
 284 285 211
 285 286 212
 286 287 213
 287 288 214
 288 289 215
 290 216 289
 290 291 217
 291 292 218
 292 293 219
 293 294 220
 294 295 221
 295 296 222
 296 297 223
 297 298 224
 299 226 298
 227 299 300
 228 300 301
 229 301 302
 230 302 303
 231 303 304
 232 304 305
 233 305 306
 306 307 234
 235 307 308
 236 308 309
 237 309 310
 238 310 311
 239 311 312
 240 312 313
 241 313 314
 243 242 315
 244 243 316
 245 244 317
 246 245 318
 247 246 319
 248 247 320
 249 248 321
 250 249 322
 251 250 323
 324 252 251
 254 253 252
 254 325 255
 255 326 256
 327 257 256
 257 328 258
 258 329 259
 259 330 260
 331 261 260
 261 332 262
 262 333 263
 334 264 263
 264 335 265
 336 266 265
 266 337 267
 267 338 268
 268 339 269
 269 340 270
 270 341 271
 342 272 271
 272 343 273
 273 344 274
 274 345 275
 275 346 276
 276 347 277
 348 278 277
 349 279 278
 279 350 280
 351 281 280
 352 282 281
 353 283 282
 283 354 284
 355 285 284
 356 286 285
 357 287 286
 288 287 358
 359 289 288
 360 290 289
 361 291 290
 362 292 291
 363 293 292
 364 294 293
 365 295 294
 366 296 295
 367 297 296
 299 298 297
 300 299 368
 301 300 369
 301 370 302
 303 302 371
 304 303 372
 305 304 373
 305 374 306
 307 306 375
 308 307 376
 308 377 309
 310 309 378
 310 379 311
 312 311 380
 313 312 381
 314 313 382
 316 243 315
 317 244 316
 318 245 317
 319 246 318
 320 247 319
 321 248 320
 322 249 321
 323 250 322
 323 324 251
 254 252 324
 325 326 255
 254 324 325
 326 327 256
 328 257 327
 328 329 258
 329 330 259
 330 331 260
 332 261 331
 332 333 262
 333 334 263
 335 264 334
 335 336 265
 337 266 336
 337 338 267
 338 339 268
 339 340 269
 340 341 270
 341 342 271
 343 272 342
 343 344 273
 344 345 274
 345 346 275
 346 347 276
 347 348 277
 348 349 278
 279 349 350
 350 351 280
 351 352 281
 352 353 282
 283 353 354
 354 355 284
 355 356 285
 356 357 286
 358 287 357
 358 359 288
 359 360 289
 360 361 290
 361 362 291
 362 363 292
 363 364 293
 364 365 294
 365 366 295
 366 367 296
 367 299 297
 368 299 367
 300 368 369
 301 369 370
 370 371 302
 303 371 372
 304 372 373
 305 373 374
 374 375 306
 307 375 376
 308 376 377
 377 378 309
 310 378 379
 379 380 311
 312 380 381
 313 381 382
 314 382 383
 316 315 384
 317 316 385
 318 317 386
 319 318 387
 320 319 388
 320 389 321
 321 390 322
 323 322 391
 324 323 392
 392 326 325
 324 392 325
 326 393 327
 394 328 327
 395 329 328
 329 396 330
 330 397 331
 331 398 332
 332 399 333
 400 334 333
 334 401 335
 335 402 336
 403 337 336
 404 338 337
 338 405 339
 406 340 339
 340 407 341
 341 408 342
 342 409 343
 343 410 344
 344 411 345
 345 412 346
 413 347 346
 414 348 347
 415 349 348
 416 350 349
 350 417 351
 418 352 351
 353 352 419
 420 354 353
 421 355 354
 356 355 422
 423 357 356
 424 358 357
 359 358 425
 426 360 359
 427 361 360
 428 362 361
 429 363 362
 364 363 430
 365 364 431
 432 366 365
 433 367 366
 368 367 433
 368 433 369
 370 369 434
 370 435 371
 371 436 372
 373 372 437
 374 373 438
 375 374 439
 376 375 440
 376 441 377
 378 377 442
 379 378 443
 379 444 380
 380 445 381
 382 381 446
 382 447 383
 385 316 384
 386 317 385
 387 318 386
 388 319 387
 320 388 389
 321 389 390
 391 322 390
 392 323 391
 393 326 392
 393 394 327
 395 328 394
 396 329 395
 396 397 330
 397 398 331
 398 399 332
 399 400 333
 401 334 400
 401 402 335
 402 403 336
 404 337 403
 405 338 404
 405 406 339
 407 340 406
 407 408 341
 408 409 342
 409 410 343
 410 411 344
 411 412 345
 412 413 346
 414 347 413
 415 348 414
 415 416 349
 350 416 417
 417 418 351
 419 352 418
 419 420 353
 420 421 354
 422 355 421
 422 423 356
 423 424 357
 425 358 424
 425 426 359
 426 427 360
 427 428 361
 428 429 362
 430 363 429
 431 364 430
 431 432 365
 432 433 366
 433 434 369
 370 434 435
 435 436 371
 436 437 372
 373 437 438
 374 438 439
 375 439 440
 376 440 441
 441 442 377
 378 442 443
 379 443 444
 444 445 380
 445 446 381
 382 446 447
 447 448 383
 449 385 384
 386 385 450
 387 386 451
 387 452 388
 388 453 389
 389 454 390
 391 390 455
 392 391 456
 392 456 393
 393 457 394
 458 395 394
 396 395 459
 460 397 396
 397 461 398
 398 462 399
 399 463 400
 401 400 464
 401 465 402
 466 403 402
 403 467 404
 404 468 405
 405 469 406
 470 407 406
 471 408 407
 408 472 409
 473 410 409
 411 410 474
 412 411 475
 476 413 412
 413 477 414
 414 478 415
 479 416 415
 480 417 416
 481 418 417
 482 419 418
 483 420 419
 484 421 420
 421 485 422
 423 422 486
 487 424 423
 488 425 424
 489 426 425
 490 427 426
 491 428 427
 429 428 492
 430 429 493
 431 430 494
 495 432 431
 433 432 496
 433 496 434
 435 434 497
 435 498 436
 499 437 436
 437 500 438
 439 438 501
 440 439 502
 441 440 503
 442 441 504
 443 442 505
 443 506 444
 445 444 507
 446 445 508
 447 446 509
 447 510 448
 450 385 449
 451 386 450
 387 451 452
 388 452 453
 389 453 454
 455 390 454
 456 391 455
 393 456 457
 457 458 394
 459 395 458
 396 459 460
 461 397 460
 461 462 398
 462 463 399
 463 464 400
 401 464 465
 465 466 402
 467 403 466
 467 468 404
 468 469 405
 469 470 406
 471 407 470
 472 408 471
 472 473 409
 474 410 473
 475 411 474
 475 476 412
 477 413 476
 477 478 414
 478 479 415
 479 480 416
 480 481 417
 481 482 418
 482 483 419
 483 484 420
 421 484 485
 486 422 485
 486 487 423
 487 488 424
 488 489 425
 489 490 426
 490 491 427
 492 428 491
 493 429 492
 494 430 493
 494 495 431
 495 496 432
 497 434 496
 435 497 498
 498 499 436
 500 437 499
 500 501 438
 439 501 502
 440 502 503
 441 503 504
 442 504 505
 443 505 506
 506 507 444
 445 507 508
 446 508 509
 447 509 510
 510 511 448
 512 450 449
 450 513 451
 514 452 451
 452 515 453
 453 516 454
 455 454 517
 457 456 455
 457 518 458
 519 459 458
 520 460 459
 461 460 521
 522 462 461
 462 523 463
 524 464 463
 464 525 465
 465 526 466
 467 466 527
 467 528 468
 529 469 468
 530 470 469
 470 531 471
 471 532 472
 472 533 473
 534 474 473
 535 475 474
 475 536 476
 477 476 537
 538 478 477
 539 479 478
 479 540 480
 541 481 480
 481 542 482
 483 482 543
 544 484 483
 545 485 484
 485 546 486
 547 487 486
 548 488 487
 549 489 488
 550 490 489
 491 490 551
 491 552 492
 493 492 553
 554 494 493
 555 495 494
 497 496 495
 498 497 556
 498 557 499
 558 500 499
 559 501 500
 501 560 502
 503 502 561
 503 562 504
 505 504 563
 506 505 564
 507 506 565
 508 507 566
 508 567 509
 509 568 510
 511 510 569
 450 512 513
 513 514 451
 452 514 515
 453 515 516
 517 454 516
 457 455 517
 518 519 458
 457 517 518
 520 459 519
 521 460 520
 461 521 522
 523 462 522
 523 524 463
 525 464 524
 525 526 465
 526 527 466
 467 527 528
 528 529 468
 530 469 529
 531 470 530
 531 532 471
 532 533 472
 533 534 473
 534 535 474
 475 535 536
 536 537 476
 477 537 538
 539 478 538
 540 479 539
 540 541 480
 481 541 542
 543 482 542
 543 544 483
 544 545 484
 485 545 546
 546 547 486
 547 548 487
 548 549 488
 549 550 489
 551 490 550
 491 551 552
 553 492 552
 553 554 493
 554 555 494
 555 556 495
 556 497 495
 498 556 557
 557 558 499
 559 500 558
 560 501 559
 560 561 502
 503 561 562
 562 563 504
 505 563 564
 506 564 565
 507 565 566
 508 566 567
 567 568 509
 568 569 510
 513 570 514
 514 571 515
 515 572 516
 517 516 573
 573 519 518
 517 573 518
 574 520 519
 575 521 520
 576 522 521
 523 522 577
 578 524 523
 524 579 525
 525 580 526
 581 527 526
 527 582 528
 528 583 529
 530 529 584
 531 530 585
 531 586 532
 587 533 532
 588 534 533
 535 534 589
 536 535 590
 591 537 536
 592 538 537
 593 539 538
 594 540 539
 595 541 540
 596 542 541
 542 597 543
 543 598 544
 599 545 544
 600 546 545
 601 547 546
 602 548 547
 603 549 548
 550 549 604
 550 605 551
 551 606 552
 552 607 553
 554 553 608
 554 609 555
 556 555 609
 556 609 557
 557 610 558
 611 559 558
 612 560 559
 613 561 560
 561 614 562
 563 562 615
 564 563 616
 564 617 565
 566 565 618
 567 566 619
 568 567 620
 569 568 621
 514 570 571
 515 571 572
 573 516 572
 574 519 573
 575 520 574
 576 521 575
 577 522 576
 523 577 578
 579 524 578
 579 580 525
 580 581 526
 582 527 581
 582 583 528
 583 584 529
 530 584 585
 531 585 586
 586 587 532
 588 533 587
 589 534 588
 590 535 589
 590 591 536
 592 537 591
 593 538 592
 594 539 593
 595 540 594
 595 596 541
 542 596 597
 543 597 598
 598 599 544
 599 600 545
 600 601 546
 601 602 547
 602 603 548
 604 549 603
 550 604 605
 551 605 606
 552 606 607
 608 553 607
 554 608 609
 609 610 557
 610 611 558
 612 559 611
 613 560 612
 614 561 613
 614 615 562
 563 615 616
 564 616 617
 617 618 565
 566 618 619
 567 619 620
 568 620 621
 569 621 622
 570 623 571
 571 624 572
 572 625 573
 625 574 573
 626 575 574
 627 576 575
 577 576 628
 629 578 577
 579 578 630
 631 580 579
 632 581 580
 581 633 582
 583 582 634
 635 584 583
 584 636 585
 585 637 586
 586 638 587
 588 587 639
 588 640 589
 590 589 641
 591 590 642
 643 592 591
 644 593 592
 645 594 593
 646 595 594
 595 647 596
 648 597 596
 649 598 597
 650 599 598
 651 600 599
 652 601 600
 653 602 601
 603 602 654
 603 655 604
 604 656 605
 605 657 606
 606 658 607
 608 607 659
 660 609 608
 610 609 660
 610 661 611
 662 612 611
 613 612 663
 664 614 613
 665 615 614
 615 666 616
 616 667 617
 618 617 668
 619 618 669
 619 670 620
 620 671 621
 622 621 672
 570 673 623
 571 623 624
 572 624 625
 625 626 574
 627 575 626
 628 576 627
 577 628 629
 630 578 629
 579 630 631
 632 580 631
 633 581 632
 633 634 582
 583 634 635
 636 584 635
 636 637 585
 637 638 586
 638 639 587
 588 639 640
 641 589 640
 642 590 641
 591 642 643
 643 644 592
 645 593 644
 646 594 645
 647 595 646
 647 648 596
 648 649 597
 649 650 598
 650 651 599
 651 652 600
 652 653 601
 654 602 653
 603 654 655
 604 655 656
 605 656 657
 606 657 658
 659 607 658
 660 608 659
 610 660 661
 661 662 611
 663 612 662
 613 663 664
 665 614 664
 666 615 665
 666 667 616
 667 668 617
 618 668 669
 619 669 670
 670 671 620
 671 672 621
 622 672 674
 673 675 623
 623 676 624
 625 624 626
 676 627 626
 628 627 677
 678 629 628
 630 629 679
 680 631 630
 632 631 681
 633 632 682
 683 634 633
 684 635 634
 635 685 636
 636 686 637
 637 687 638
 688 639 638
 689 640 639
 690 641 640
 691 642 641
 692 643 642
 693 644 643
 644 694 645
 645 695 646
 696 647 646
 647 697 648
 648 698 649
 699 650 649
 700 651 650
 652 651 701
 652 702 653
 654 653 703
 654 704 655
 705 656 655
 656 706 657
 657 707 658
 659 658 708
 660 659 661
 708 662 661
 709 663 662
 664 663 710
 665 664 711
 712 666 665
 713 667 666
 714 668 667
 668 715 669
 669 716 670
 670 717 671
 718 672 671
 672 719 674
 623 675 676
 676 626 624
 677 627 676
 628 677 678
 679 629 678
 630 679 680
 681 631 680
 632 681 682
 633 682 683
 684 634 683
 685 635 684
 685 686 636
 686 687 637
 687 688 638
 688 689 639
 689 690 640
 690 691 641
 691 692 642
 693 643 692
 694 644 693
 694 695 645
 695 696 646
 697 647 696
 648 697 698
 698 699 649
 699 700 650
 701 651 700
 652 701 702
 703 653 702
 654 703 704
 704 705 655
 656 705 706
 657 706 707
 708 658 707
 659 708 661
 709 662 708
 710 663 709
 664 710 711
 665 711 712
 713 666 712
 714 667 713
 715 668 714
 715 716 669
 716 717 670
 717 718 671
 719 672 718
 720 678 677
 721 679 678
 722 680 679
 681 680 723
 724 682 681
 683 682 725
 684 683 726
 685 684 727
 728 686 685
 729 687 686
 687 730 688
 688 731 689
 690 689 732
 691 690 733
 734 692 691
 692 735 693
 736 694 693
 737 695 694
 738 696 695
 696 739 697
 740 698 697
 741 699 698
 699 742 700
 701 700 743
 701 744 702
 702 745 703
 703 746 704
 747 705 704
 748 706 705
 707 706 749
 707 750 708
 750 709 708
 751 710 709
 711 710 752
 712 711 753
 713 712 754
 755 714 713
 756 715 714
 757 716 715
 717 716 758
 718 717 759
 718 760 719
 721 678 720
 722 679 721
 723 680 722
 681 723 724
 725 682 724
 683 725 726
 684 726 727
 685 727 728
 729 686 728
 687 729 730
 688 730 731
 732 689 731
 733 690 732
 733 734 691
 735 692 734
 735 736 693
 737 694 736
 738 695 737
 739 696 738
 739 740 697
 740 741 698
 699 741 742
 743 700 742
 701 743 744
 702 744 745
 703 745 746
 746 747 704
 747 748 705
 749 706 748
 707 749 750
 750 751 709
 752 710 751
 711 752 753
 712 753 754
 713 754 755
 756 714 755
 757 715 756
 758 716 757
 717 758 759
 718 759 760
 761 719 760
 762 724 723
 725 724 763
 764 726 725
 727 726 765
 766 728 727
 729 728 767
 729 768 730
 769 731 730
 770 732 731
 771 733 732
 772 734 733
 773 735 734
 735 774 736
 736 775 737
 737 776 738
 739 738 777
 739 778 740
 741 740 779
 742 741 780
 742 781 743
 743 782 744
 783 745 744
 784 746 745
 746 785 747
 786 748 747
 749 748 787
 750 749 751
 788 752 751
 753 752 789
 753 790 754
 755 754 791
 756 755 792
 793 757 756
 758 757 794
 758 795 759
 796 760 759
 761 760 797
 763 724 762
 725 763 764
 765 726 764
 727 765 766
 767 728 766
 729 767 768
 768 769 730
 769 770 731
 770 771 732
 771 772 733
 772 773 734
 774 735 773
 774 775 736
 775 776 737
 776 777 738
 739 777 778
 778 779 740
 780 741 779
 742 780 781
 743 781 782
 782 783 744
 783 784 745
 746 784 785
 785 786 747
 787 748 786
 749 787 751
 787 788 751
 789 752 788
 753 789 790
 790 791 754
 755 791 792
 756 792 793
 794 757 793
 758 794 795
 795 796 759
 797 760 796
 797 798 761
 765 764 799
 766 765 800
 801 767 766
 802 768 767
 803 769 768
 770 769 804
 771 770 805
 772 771 806
 773 772 807
 808 774 773
 809 775 774
 810 776 775
 811 777 776
 778 777 812
 778 813 779
 780 779 814
 781 780 815
 781 816 782
 817 783 782
 784 783 818
 785 784 819
 785 820 786
 786 821 787
 821 788 787
 789 788 821
 790 789 822
 790 823 791
 791 824 792
 793 792 825
 794 793 826
 794 827 795
 795 828 796
 829 797 796
 830 798 797
 765 799 800
 766 800 801
 801 802 767
 802 803 768
 804 769 803
 805 770 804
 806 771 805
 807 772 806
 808 773 807
 809 774 808
 810 775 809
 811 776 810
 812 777 811
 778 812 813
 813 814 779
 815 780 814
 781 815 816
 816 817 782
 818 783 817
 819 784 818
 785 819 820
 786 820 821
 789 821 822
 790 822 823
 823 824 791
 824 825 792
 793 825 826
 794 826 827
 827 828 795
 828 829 796
 829 830 797
 831 798 830
 800 799 832
 801 800 833
 802 801 834
 803 802 835
 804 803 836
 805 804 837
 838 806 805
 839 807 806
 807 840 808
 808 841 809
 809 842 810
 843 811 810
 844 812 811
 845 813 812
 846 814 813
 814 847 815
 848 816 815
 849 817 816
 818 817 850
 818 851 819
 852 820 819
 820 853 821
 853 822 821
 823 822 854
 855 824 823
 856 825 824
 825 857 826
 827 826 858
 828 827 859
 828 860 829
 829 861 830
 830 862 831
 800 832 833
 834 801 833
 835 802 834
 836 803 835
 837 804 836
 837 838 805
 838 839 806
 807 839 840
 840 841 808
 841 842 809
 842 843 810
 844 811 843
 845 812 844
 846 813 845
 847 814 846
 847 848 815
 848 849 816
 850 817 849
 818 850 851
 851 852 819
 853 820 852
 822 853 854
 823 854 855
 856 824 855
 857 825 856
 857 858 826
 827 858 859
 828 859 860
 829 860 861
 830 861 862
 831 862 863
 833 832 864
 834 833 865
 866 835 834
 867 836 835
 868 837 836
 838 837 869
 870 839 838
 840 839 871
 872 841 840
 873 842 841
 874 843 842
 843 875 844
 844 876 845
 845 877 846
 878 847 846
 879 848 847
 849 848 880
 850 849 881
 851 850 882
 852 851 883
 853 852 854
 854 884 855
 855 885 856
 857 856 886
 857 887 858
 858 888 859
 859 889 860
 861 860 890
 862 861 891
 892 863 862
 865 833 864
 865 866 834
 866 867 835
 867 868 836
 869 837 868
 869 870 838
 871 839 870
 840 871 872
 873 841 872
 874 842 873
 875 843 874
 875 876 844
 876 877 845
 877 878 846
 879 847 878
 880 848 879
 881 849 880
 882 850 881
 883 851 882
 884 852 883
 854 852 884
 884 885 855
 885 886 856
 857 886 887
 887 888 858
 859 888 889
 890 860 889
 891 861 890
 891 892 862
 863 892 893
 894 865 864
 866 865 895
 896 867 866
 868 867 897
 868 898 869
 869 899 870
 870 900 871
 872 871 901
 873 872 902
 874 873 903
 875 874 904
 905 876 875
 906 877 876
 907 878 877
 878 908 879
 909 880 879
 910 881 880
 911 882 881
 912 883 882
 883 912 884
 912 885 884
 885 913 886
 887 886 914
 888 887 915
 889 888 916
 889 917 890
 890 918 891
 891 919 892
 920 893 892
 895 865 894
 895 896 866
 897 867 896
 868 897 898
 869 898 899
 870 899 900
 901 871 900
 872 901 902
 873 902 903
 874 903 904
 875 904 905
 906 876 905
 907 877 906
 908 878 907
 908 909 879
 909 910 880
 910 911 881
 911 912 882
 913 885 912
 913 914 886
 887 914 915
 916 888 915
 889 916 917
 890 917 918
 891 918 919
 919 920 892
 895 894 921
 895 922 896
 896 923 897
 924 898 897
 925 899 898
 899 926 900
 900 927 901
 902 901 928
 929 903 902
 930 904 903
 931 905 904
 932 906 905
 906 933 907
 934 908 907
 935 909 908
 936 910 909
 911 910 937
 912 911 938
 912 938 913
 913 939 914
 915 914 940
 915 941 916
 917 916 942
 943 918 917
 918 944 919
 919 945 920
 895 921 922
 896 922 923
 923 924 897
 924 925 898
 899 925 926
 900 926 927
 927 928 901
 902 928 929
 930 903 929
 931 904 930
 932 905 931
 933 906 932
 933 934 907
 935 908 934
 936 909 935
 937 910 936
 911 937 938
 938 939 913
 939 940 914
 915 940 941
 942 916 941
 942 943 917
 918 943 944
 919 944 945
 924 946 925
 925 947 926
 926 948 927
 927 949 928
 929 928 950
 930 929 951
 931 930 952
 932 931 953
 954 933 932
 934 933 955
 956 935 934
 957 936 935
 937 936 958
 937 939 938
 939 959 940
 960 941 940
 942 941 961
 942 962 943
 943 963 944
 964 945 944
 925 946 947
 926 947 948
 948 949 927
 949 950 928
 929 950 951
 930 951 952
 931 952 953
 932 953 954
 955 933 954
 934 955 956
 957 935 956
 958 936 957
 959 937 958
 939 937 959
 959 960 940
 961 941 960
 942 961 962
 943 962 963
 963 964 944
 947 946 965
 948 947 966
 949 948 967
 968 950 949
 969 951 950
 951 970 952
 952 971 953
 954 953 972
 973 955 954
 955 974 956
 957 956 975
 958 957 976
 976 959 958
 960 959 976
 960 977 961
 978 962 961
 962 979 963
 980 964 963
 966 947 965
 948 966 967
 949 967 968
 969 950 968
 970 951 969
 970 971 952
 971 972 953
 954 972 973
 974 955 973
 974 975 956
 957 975 976
 960 976 977
 977 978 961
 962 978 979
 979 980 963
 980 981 964
 966 965 982
 967 966 983
 984 968 967
 985 969 968
 970 969 986
 987 971 970
 972 971 988
 972 989 973
 974 973 990
 991 975 974
 976 975 992
 976 992 977
 977 993 978
 994 979 978
 980 979 995
 980 996 981
 982 965 997
 983 966 982
 967 983 984
 985 968 984
 986 969 985
 970 986 987
 988 971 987
 972 988 989
 989 990 973
 974 990 991
 992 975 991
 977 992 993
 993 994 978
 995 979 994
 980 995 996
 981 996 998
 982 997 999
 983 982 1000
 984 983 1001
 984 1002 985
 1003 986 985
 987 986 1004
 1005 988 987
 989 988 1006
 989 1007 990
 990 1008 991
 992 991 993
 994 993 1008
 995 994 1009
 995 1010 996
 996 1011 998
 1000 982 999
 1001 983 1000
 984 1001 1002
 1002 1003 985
 1004 986 1003
 987 1004 1005
 1006 988 1005
 989 1006 1007
 1007 1008 990
 1008 993 991
 1009 994 1008
 995 1009 1010
 996 1010 1011
 1012 1000 999
 1013 1001 1000
 1002 1001 1014
 1003 1002 1015
 1016 1004 1003
 1005 1004 1017
 1006 1005 1018
 1019 1007 1006
 1020 1008 1007
 1009 1008 1020
 1009 1021 1010
 1011 1010 1022
 1012 1013 1000
 1014 1001 1013
 1002 1014 1015
 1003 1015 1016
 1017 1004 1016
 1005 1017 1018
 1006 1018 1019
 1020 1007 1019
 1009 1020 1021
 1022 1010 1021
 1022 1023 1011
 1014 1013 1024
 1025 1015 1014
 1015 1026 1016
 1016 1027 1017
 1018 1017 1028
 1018 1029 1019
 1019 1021 1020
 1029 1022 1021
 1030 1023 1022
 1014 1024 1025
 1026 1015 1025
 1026 1027 1016
 1027 1028 1017
 1018 1028 1029
 1019 1029 1021
 1029 1030 1022
 1025 1024 1031
 1025 1032 1026
 1027 1026 1033
 1027 1034 1028
 1035 1029 1028
 1030 1029 1035
 1025 1031 1032
 1032 1033 1026
 1027 1033 1034
 1034 1035 1028
 1031 1036 1032
 1032 1037 1033
 1033 1038 1034
 1034 1039 1035
 1036 1037 1032
 1037 1038 1033
 1038 1039 1034
 0
 29
 1036 1037 1038 1039 1031 1035 1030 1023 1011 998 981 964 945 920 893 863 831 798 761 719 674 622 569 511 448 383 314 241 164
 36
 1031 1024 1013 1012 999 997 965 946 924 923 922 921 894 864 832 799 762 763 764 720 721 722 723 676 677 675 673 570 513 512 449 384 315 242 167 165
