1002 1875
0.000000 0.000000 0
0.087327 0.087323 1
0.000000 0.200000 0
0.164068 0.294556 1
0.000000 0.400000 0
0.175415 0.489017 1
0.000000 0.600000 0
0.175187 0.691607 1
0.000000 0.800000 0
0.175773 0.893440 1
0.000000 1.000000 0
0.175430 1.095728 1
0.000000 1.200000 0
0.174509 1.297629 1
0.000000 1.400000 0
0.173791 1.498816 1
0.000000 1.600000 0
0.173419 1.699468 1
0.000000 1.800000 0
0.173268 1.899793 1
0.000000 2.000000 0
0.173220 2.099933 1
0.000000 2.200000 0
0.173207 2.299983 1
0.000000 2.400000 0
0.173205 2.499997 1
0.000000 2.600000 0
0.173205 2.700000 1
0.000000 2.800000 0
0.173205 2.900000 1
0.000000 3.000000 0
0.173205 3.100000 1
0.000000 3.200000 0
0.173205 3.300000 1
0.000000 3.400000 0
0.173205 3.500000 1
0.000000 3.600000 0
0.173205 3.700000 1
0.000000 3.800000 0
0.173205 3.900000 1
0.000000 4.000000 0
0.173205 4.100000 1
0.000000 4.200000 0
0.173205 4.300000 1
0.000000 4.400000 0
0.173205 4.500000 1
0.000000 4.600000 0
0.173205 4.700000 2
0.000000 4.800000 0
6.000000 0.000000 0
6.200000 0.000000 0
6.100000 0.173205 1
5.800000 0.000000 0
5.900000 0.173205 1
5.600000 0.000000 0
5.700000 0.173205 1
5.400000 0.000000 0
5.500000 0.173205 1
5.200000 0.000000 0
5.300000 0.173205 1
5.000000 0.000000 0
5.100000 0.173205 1
4.800000 0.000000 0
4.900000 0.173205 1
4.600000 0.000000 0
4.700000 0.173205 1
4.400000 0.000000 0
4.500000 0.173205 1
4.200000 0.000000 0
4.300000 0.173205 1
4.000000 0.000000 0
4.100000 0.173205 1
3.800000 0.000000 0
3.900000 0.173205 1
3.600000 0.000000 0
3.700000 0.173205 1
3.400000 0.000000 0
3.500000 0.173205 1
3.200000 0.000000 0
3.300000 0.173205 1
3.000000 0.000000 0
3.100000 0.173205 1
2.800000 0.000000 0
2.900000 0.173205 1
2.600000 0.000000 0
2.700000 0.173205 1
2.400000 0.000000 0
2.499997 0.173206 1
2.200000 0.000000 0
2.299983 0.173208 1
2.000000 0.000000 0
2.099934 0.173219 1
1.800000 0.000000 0
1.899802 0.173259 1
1.600000 0.000000 0
1.699498 0.173389 1
1.400000 0.000000 0
1.498881 0.173726 1
1.200000 0.000000 0
1.297737 0.174401 1
1.000000 0.000000 0
1.095870 0.175288 1
0.800000 0.000000 0
0.893593 0.175620 1
0.600000 0.000000 0
0.691741 0.175052 1
0.400000 0.000000 0
0.489115 0.175317 1
0.200000 0.000000 0
0.294610 0.164014 1
0.149248 0.149227 1
6.300000 0.173205 2
0.364719 0.364563 1
0.348253 0.582570 1
0.351911 0.783551 1
0.352893 0.988529 1
0.350517 1.193471 1
0.348400 1.396510 1
0.347229 1.598247 1
0.346699 1.799212 1
0.346493 1.999698 1
0.346428 2.199904 1
0.346412 2.399976 1
0.346410 2.599996 1
0.346410 2.799999 1
0.346410 3.000000 1
0.346410 3.200000 1
0.346410 3.400000 1
0.346410 3.600000 1
0.346410 3.800000 1
0.346410 4.000000 1
0.346410 4.200000 1
0.346410 4.400000 1
0.346410 4.600000 1
6.200000 0.346410 1
6.000000 0.346410 1
5.800000 0.346410 1
5.600000 0.346410 1
5.400000 0.346410 1
5.200000 0.346410 1
5.000000 0.346410 1
4.800000 0.346410 1
4.600000 0.346410 1
4.400000 0.346410 1
4.200000 0.346410 1
4.000000 0.346410 1
3.800000 0.346410 1
3.600000 0.346410 1
3.400000 0.346410 1
3.200000 0.346410 1
3.000000 0.346410 1
2.799999 0.346411 1
2.599994 0.346412 1
2.399972 0.346417 1
2.199898 0.346434 1
1.999698 0.346494 1
1.799239 0.346673 1
1.598330 0.347146 1
1.396678 0.348232 1
1.193725 0.350263 1
0.988833 0.352589 1
0.783846 0.351615 1
0.582808 0.348015 1
0.346410 4.800000 2
6.400000 0.346410 2
0.497809 0.497512 1
0.524303 0.667888 1
0.535935 0.875688 1
0.529597 1.087411 1
0.524426 1.292970 1
0.521805 1.495965 1
0.520541 1.697896 1
0.519944 1.899053 1
0.519704 2.099636 1
0.519631 2.299881 1
0.519616 2.499967 1
0.519615 2.699993 1
0.519615 2.899999 1
0.519615 3.100000 1
0.519615 3.300000 1
0.519615 3.500000 1
0.519615 3.700000 1
0.519615 3.900000 1
0.519615 4.100000 1
0.519615 4.300000 1
0.519615 4.500000 1
0.519615 4.700000 2
6.300000 0.519615 2
6.100000 0.519615 1
5.900000 0.519615 1
5.700000 0.519615 1
5.500000 0.519615 1
5.300000 0.519615 1
5.100000 0.519615 1
4.900000 0.519615 1
4.700000 0.519615 1
4.500000 0.519615 1
4.300000 0.519615 1
4.100000 0.519615 1
3.900000 0.519615 1
3.700000 0.519615 1
3.500000 0.519615 1
3.300000 0.519615 1
3.100000 0.519615 1
2.899998 0.519616 1
2.699988 0.519620 1
2.499955 0.519628 1
2.299857 0.519655 1
2.099603 0.519737 1
1.899034 0.519963 1
1.697936 0.520501 1
1.496118 0.521652 1
1.293265 0.524131 1
1.087824 0.529184 1
0.876140 0.535483 1
0.668282 0.523908 1
0.743781 0.743251 1
0.714766 0.982336 1
0.701785 1.189739 1
0.697349 1.392592 1
0.695211 1.595436 1
0.693850 1.797657 1
0.693159 1.998944 1
0.692903 2.199569 1
0.692837 2.399840 1
0.692825 2.599946 1
0.692823 2.799984 1
0.692821 2.999996 1
0.692821 3.199999 1
0.692820 3.400000 1
0.692820 3.600000 1
0.692820 3.800000 1
0.692820 4.000000 1
0.692820 4.200000 1
0.692820 4.400000 1
0.692820 4.600000 2
6.200000 0.692820 2
6.000000 0.692820 1
5.800000 0.692820 1
5.600000 0.692820 1
5.400000 0.692820 1
5.200000 0.692820 1
5.000000 0.692820 1
4.800000 0.692820 1
4.600000 0.692820 1
4.400000 0.692820 1
4.200000 0.692820 1
4.000000 0.692820 1
3.800000 0.692820 1
3.600000 0.692820 1
3.400000 0.692820 1
3.199999 0.692821 1
2.999994 0.692823 1
2.799976 0.692830 1
2.599922 0.692849 1
2.399786 0.692890 1
2.199478 0.692994 1
1.998829 0.693274 1
1.797570 0.693937 1
1.595460 0.695187 1
1.392801 0.697140 1
1.190151 0.701374 1
0.982873 0.714229 1
0.904692 0.904113 1
0.875262 1.093654 1
0.872672 1.288373 1
0.871424 1.491271 1
0.868759 1.695209 1
0.867031 1.897566 1
0.866326 2.098787 1
0.866119 2.299415 1
0.866070 2.499735 1
0.866050 2.699891 1
0.866037 2.899961 1
0.866029 3.099989 1
0.866026 3.299998 1
0.866025 3.500000 1
0.866025 3.700000 1
0.866025 3.900000 1
0.866025 4.100000 1
0.866025 4.300000 1
0.866025 4.500000 2
6.100000 0.866025 2
5.900000 0.866025 1
5.700000 0.866025 1
5.500000 0.866025 1
5.300000 0.866025 1
5.100000 0.866025 1
4.900000 0.866025 1
4.700000 0.866025 1
4.500000 0.866025 1
4.300000 0.866025 1
4.100000 0.866025 1
3.900000 0.866025 1
3.700000 0.866025 1
3.500000 0.866025 1
3.299998 0.866026 1
3.099987 0.866030 1
2.899952 0.866046 1
2.699857 0.866084 1
2.499648 0.866157 1
2.299244 0.866290 1
2.098526 0.866586 1
1.897262 0.867335 1
1.694964 0.869005 1
1.491213 0.871483 1
1.288591 0.872455 1
1.094124 0.874793 1
1.018832 1.018379 1
1.041813 1.179793 1
1.051907 1.382795 1
1.045834 1.591803 1
1.041593 1.795566 1
1.040010 1.997238 1
1.039571 2.198299 1
1.039447 2.399035 1
1.039374 2.599509 1
1.039306 2.799782 1
1.039260 2.999919 1
1.039239 3.199976 1
1.039232 3.399995 1
1.039231 3.599999 1
1.039230 3.800000 1
1.039230 4.000000 1
1.039230 4.200000 1
1.039230 4.400000 1
6.000000 1.039230 2
5.800000 1.039230 1
5.600000 1.039230 1
5.400000 1.039230 1
5.200000 1.039230 1
5.000000 1.039230 1
4.800000 1.039230 1
4.600000 1.039230 1
4.400000 1.039230 1
4.200000 1.039230 1
4.000000 1.039230 1
3.800000 1.039230 1
3.599999 1.039230 1
3.399995 1.039232 1
3.199976 1.039239 1
2.999912 1.039267 1
2.799748 1.039341 1
2.599402 1.039480 1
2.398795 1.039687 1
2.197882 1.039987 1
1.996660 1.040587 1
1.794932 1.042226 1
1.591289 1.046349 1
1.382576 1.052126 1
1.179966 1.041640 1
1.039230 4.600000 2
1.255007 1.255433 1
1.227789 1.490121 1
1.216409 1.694494 1
1.213714 1.894848 1
1.213291 2.095873 1
1.213169 2.297191 1
1.213006 2.498325 1
1.212784 2.699132 1
1.212597 2.899615 1
1.212491 3.099857 1
1.212449 3.299958 1
1.212438 3.499990 1
1.212436 3.699999 1
1.212436 3.900000 1
1.212436 4.100000 1
1.212436 4.300000 1
1.212436 4.500000 1
5.900000 1.212436 1
5.700000 1.212436 1
5.500000 1.212436 1
5.300000 1.212436 1
5.100000 1.212436 1
4.900000 1.212436 1
4.700000 1.212436 1
4.500000 1.212436 1
4.300000 1.212436 1
4.100000 1.212436 1
3.900000 1.212436 1
3.699999 1.212436 1
3.499992 1.212437 1
3.299960 1.212447 1
3.099859 1.212489 1
2.899597 1.212616 1
2.699040 1.212877 1
2.498069 1.213261 1
2.296674 1.213685 1
2.095055 1.214109 1
1.893812 1.214750 1
1.693428 1.217475 1
1.489260 1.228650 1
1.212436 4.700000 2
6.100000 1.212436 2
1.413810 1.415033 1
1.386281 1.600956 1
1.385638 1.791814 1
1.387263 1.991152 1
1.387521 2.193173 1
1.387376 2.395406 1
1.386863 2.597319 1
1.386290 2.798646 1
1.385907 2.999408 1
1.385725 3.199780 1
1.385661 3.399933 1
1.385644 3.599984 1
1.385641 3.799997 1
1.385641 4.000000 1
1.385641 4.200000 1
1.385641 4.400000 1
1.385641 4.600000 2
6.000000 1.385641 2
5.800000 1.385641 1
5.600000 1.385641 1
5.400000 1.385641 1
5.200000 1.385641 1
5.000000 1.385641 1
4.800000 1.385641 1
4.600000 1.385641 1
4.400000 1.385641 1
4.200000 1.385641 1
4.000000 1.385641 1
3.799998 1.385641 1
3.599986 1.385643 1
3.399940 1.385655 1
3.199795 1.385710 1
2.999422 1.385893 1
2.798613 1.386324 1
2.597134 1.387048 1
2.394919 1.387862 1
2.192274 1.388420 1
1.989850 1.388565 1
1.790279 1.387172 1
1.599464 1.387774 1
1.526350 1.528089 1
1.549493 1.685172 1
1.562431 1.881507 1
1.562629 2.085799 1
1.563078 2.289425 1
1.562317 2.493238 1
1.560908 2.696254 1
1.559807 2.898145 1
1.559211 3.099183 1
1.558960 3.299690 1
1.558875 3.499902 1
1.558851 3.699975 1
1.558847 3.899996 1
1.558846 4.099999 1
1.558846 4.300000 1
1.558846 4.500000 1
5.900000 1.558846 2
5.700000 1.558846 1
5.500000 1.558846 1
5.300000 1.558846 1
5.100000 1.558846 1
4.900000 1.558846 1
4.700000 1.558846 1
4.500000 1.558846 1
4.300000 1.558846 1
4.099999 1.558846 1
3.899996 1.558846 1
3.699978 1.558849 1
3.499912 1.558864 1
3.299718 1.558932 1
3.099237 1.559158 1
2.898202 1.559751 1
2.696223 1.560940 1
2.492949 1.562607 1
2.288685 1.563819 1
2.084512 1.563916 1
1.879792 1.564146 1
1.683303 1.551363 1
1.558846 4.700000 2
1.753661 1.755524 1
1.736856 1.976105 1
1.740183 2.178912 1
1.740562 2.385413 1
1.737502 2.591534 1
1.734812 2.795401 1
1.733257 2.997668 1
1.732511 3.198942 1
1.732201 3.399587 1
1.732091 3.599865 1
1.732059 3.799964 1
1.732052 3.999993 1
1.732051 4.199999 1
1.732051 4.400000 1
1.732051 4.600000 1
5.800000 1.732051 1
5.600000 1.732051 1
5.400000 1.732051 1
5.200000 1.732051 1
5.000000 1.732051 1
4.800000 1.732051 1
4.600000 1.732051 1
4.400000 1.732051 1
4.199999 1.732051 1
3.999993 1.732051 1
3.799968 1.732056 1
3.599878 1.732077 1
3.399626 1.732161 1
3.199031 1.732421 1
2.997818 1.733107 1
2.795563 1.734651 1
2.591559 1.737477 1
2.385063 1.740912 1
2.177982 1.741112 1
1.974583 1.738378 1
1.732051 4.800000 2
6.000001 1.732051 2
1.888216 1.889735 1
1.914438 2.061578 1
1.925266 2.270957 1
1.917839 2.484147 1
1.911728 2.690839 1
1.908412 2.894665 1
1.906691 3.097172 1
1.905827 3.298693 1
1.905448 3.499480 1
1.905309 3.699824 1
1.905268 3.899951 1
1.905258 4.099989 1
1.905256 4.299998 1
1.905256 4.500000 1
1.905256 4.700000 1
5.900002 1.905255 2
5.700000 1.905256 1
5.500000 1.905256 1
5.300000 1.905256 1
5.100000 1.905256 1
4.900000 1.905256 1
4.700000 1.905256 1
4.500000 1.905256 1
4.299998 1.905256 1
4.099990 1.905257 1
3.899955 1.905264 1
3.699840 1.905293 1
3.499527 1.905400 1
3.298807 1.905713 1
3.097392 1.906471 1
2.894997 1.908081 1
2.691190 1.911376 1
2.484311 1.917675 1
2.270653 1.925570 1
2.060597 1.915418 1
1.905256 4.900000 2
2.135760 2.135899 1
2.104960 2.377002 1
2.090590 2.585908 1
2.085064 2.789966 1
2.082110 2.993779 1
2.080192 3.196719 1
2.079153 3.398481 1
2.078700 3.599380 1
2.078535 3.799781 1
2.078482 3.999936 1
2.078466 4.199985 1
2.078462 4.399997 1
2.078461 4.600000 1
2.078461 4.800000 1
5.800001 2.078460 2
5.600000 2.078461 1
5.400000 2.078461 1
5.200000 2.078461 1
5.000000 2.078461 1
4.800000 2.078461 1
4.600000 2.078461 1
4.399998 2.078462 1
4.199987 2.078465 1
3.999942 2.078475 1
3.799801 2.078515 1
3.599434 2.078646 1
3.398609 2.079026 1
3.196977 2.079934 1
2.994213 2.081675 1
2.790560 2.084471 1
2.586526 2.089971 1
2.377388 2.104573 1
2.078461 5.000000 2
2.297137 2.296457 1
2.266043 2.487662 1
2.262109 2.683799 1
2.259681 2.888058 1
2.256066 3.093198 1
2.253646 3.296485 1
2.252471 3.498326 1
2.251976 3.699291 1
2.251779 3.899743 1
2.251704 4.099922 1
2.251678 4.299981 1
2.251669 4.499996 1
2.251667 4.699999 1
2.251666 4.900000 1
5.700000 2.251665 2
5.500000 2.251666 1
5.300000 2.251666 1
5.100000 2.251666 1
4.900000 2.251666 1
4.700000 2.251666 1
4.499998 2.251667 1
4.299985 2.251673 1
4.099934 2.251692 1
3.899770 2.251751 1
3.699354 2.251912 1
3.498463 2.252333 1
3.296756 2.253375 1
3.093670 2.255594 1
2.888762 2.258976 1
2.684678 2.261230 1
2.488550 2.265155 1
2.251666 5.100000 2
2.411478 2.410436 1
2.433464 2.572872 1
2.442241 2.777406 1
2.434824 2.988160 1
2.429480 3.193494 1
2.426994 3.396388 1
2.425862 3.598193 1
2.425308 3.799222 1
2.425049 3.999711 1
2.424937 4.199905 1
2.424893 4.399971 1
2.424877 4.599992 1
2.424872 4.799998 1
2.424871 5.000000 1
2.251666 5.300000 2
2.424871 5.200000 1
5.600003 2.424872 2
5.400002 2.424872 1
5.200001 2.424871 1
5.000000 2.424871 1
4.799999 2.424871 1
4.599996 2.424873 1
4.399982 2.424882 1
4.199931 2.424911 1
3.999761 2.424999 1
3.799312 2.425218 1
3.598354 2.425700 1
3.396673 2.426709 1
3.193966 2.429008 1
2.988868 2.434115 1
2.778346 2.441301 1
2.573951 2.432385 1
2.424873 5.400000 2
2.648262 2.647236 1
2.619244 2.884385 1
2.606478 3.091104 1
2.602436 3.293624 1
2.600625 3.496181 1
2.599405 3.698123 1
2.598689 3.899182 1
2.598339 4.099661 1
2.598183 4.299863 1
2.598115 4.499947 1
2.598088 4.699982 1
2.598079 4.899995 1
2.598078 5.099999 1
2.598082 5.300001 1
2.598092 5.500003 1
2.424874 5.600000 2
5.500020 2.598085 2
5.300009 2.598080 1
5.100002 2.598078 1
4.899997 2.598078 1
4.699988 2.598081 1
4.499968 2.598094 1
4.299912 2.598133 1
4.099755 2.598246 1
3.899334 2.598537 1
3.698352 2.599176 1
3.496516 2.600291 1
3.294110 2.601950 1
3.091786 2.605796 1
2.885270 2.618359 1
2.598095 5.700013 2
2.808132 2.807213 1
2.779400 2.995999 1
2.777545 3.190280 1
2.776947 3.392756 1
2.774630 3.596229 1
2.772931 3.798154 1
2.772066 3.999056 1
2.771655 4.199502 1
2.771452 4.399749 1
2.771350 4.599888 1
2.771303 4.799959 1
2.771289 4.999989 1
2.771296 5.200000 1
2.771325 5.400011 1
2.771370 5.600039 1
5.400070 2.771310 1
5.200027 2.771293 1
4.999999 2.771287 1
4.799970 2.771295 1
4.599919 2.771318 1
4.399827 2.771373 1
4.199659 2.771497 1
3.999314 2.771808 1
3.798517 2.772568 1
3.596696 2.774163 1
3.393331 2.776373 1
3.190976 2.776849 1
2.996826 2.778574 1
2.771375 5.800104 2
5.600135 2.771328 2
2.922392 2.921528 1
2.946249 3.082691 1
2.957400 3.285266 1
2.952061 3.493652 1
2.948034 3.696757 1
2.946264 3.897863 1
2.945481 4.098550 1
2.945043 4.299105 1
2.944766 4.499521 1
2.944603 4.699786 1
2.944527 4.899924 1
2.944517 5.099982 1
2.944571 5.300014 1
2.944699 5.500071 1
2.944854 5.700213 1
5.500349 2.944624 1
5.300164 2.944554 1
5.100044 2.944515 1
4.899949 2.944519 1
4.699821 2.944566 1
4.499619 2.944663 1
4.299323 2.944820 1
4.098934 2.945094 1
3.898422 2.945704 1
3.697459 2.947331 1
3.494440 2.951274 1
3.286091 2.956575 1
3.083534 2.945406 1
2.944842 5.900488 2
5.700603 2.944670 2
3.160048 3.159053 1
3.134210 3.392973 1
3.123370 3.596509 1
3.120593 3.796051 1
3.119744 3.996455 1
3.119122 4.197420 1
3.118584 4.398415 1
3.118154 4.599186 1
3.117883 4.799658 1
3.117774 4.999887 1
3.117818 5.199984 1
3.118045 5.400070 1
3.118476 5.600294 1
3.118910 5.800822 1
2.944321 6.100876 2
3.118761 6.001706 1
5.601278 3.118198 1
5.400676 3.117987 1
5.200269 3.117822 1
4.999989 3.117771 1
4.799702 3.117842 1
4.599276 3.118035 1
4.398651 3.118316 1
4.197893 3.118627 1
3.997207 3.118982 1
3.797036 3.119605 1
3.597621 3.122257 1
3.394090 3.133093 1
3.117218 6.202582 2
5.802030 3.118254 2
3.320134 3.318774 1
3.293481 3.503857 1
3.292979 3.693779 1
3.294220 3.892272 1
3.293897 4.093745 1
3.293229 4.295729 1
3.292369 4.497565 1
3.291625 4.698853 1
3.291190 4.899559 1
3.291081 5.099869 1
3.291326 5.300003 1
3.292045 5.500215 1
3.293254 5.700898 1
3.294283 5.902485 1
3.293627 6.104989 1
3.998385 6.881881 2
3.799394 6.883211 2
3.895375 6.708621 1
4.198628 6.881684 2
4.096443 6.707893 1
4.297658 6.708089 1
4.399142 6.881866 2
4.498693 6.708449 1
4.599571 6.882074 2
5.703693 3.292384 2
5.502136 3.291913 1
5.301006 3.291391 1
5.100268 3.291113 1
4.899672 3.291137 1
4.698908 3.291465 1
4.497745 3.292047 1
4.296191 3.292655 1
4.094584 3.292998 1
3.893475 3.292995 1
3.695218 3.291535 1
3.505338 3.292000 1
3.288837 6.306361 2
3.696660 6.713190 2
4.699407 6.708754 2
3.433333 3.431665 1
3.456739 3.587969 1
3.469515 3.783359 1
3.469277 3.986945 1
3.469207 4.190248 1
3.468053 4.393979 1
3.466382 4.596951 1
3.465122 4.798721 1
3.464505 4.999568 1
3.464505 5.199877 1
3.465260 5.399986 1
3.467137 5.600390 1
3.470250 5.802162 1
3.472327 6.006245 1
3.471079 6.213562 1
3.787873 6.533646 1
3.992395 6.533657 1
4.194744 6.533955 1
4.396751 6.534371 1
4.598332 6.534884 2
5.605465 3.467008 2
5.402808 3.465672 1
5.201106 3.464736 1
4.999941 3.464459 1
4.798752 3.464832 1
4.596994 3.465860 1
4.394298 3.467295 1
4.191016 3.468174 1
3.988198 3.467917 1
3.784965 3.467881 1
3.589710 3.454995 1
3.453721 6.414768 2
3.588941 6.549791 2
3.660070 3.658274 1
3.643328 3.878004 1
3.646447 4.080515 1
3.646656 4.287077 1
3.643370 4.493326 1
3.640344 4.697091 1
3.638500 4.898977 1
3.637753 5.099737 1
3.638042 5.299843 1
3.639778 5.499630 1
3.644010 5.699929 1
3.652457 5.904323 1
3.653785 6.112446 1
3.664689 6.340184 1
3.888225 6.359203 1
4.090245 6.359823 1
4.293159 6.359688 1
4.496118 6.360181 1
5.506257 3.641587 1
5.302824 3.639053 1
5.100743 3.637913 1
4.899042 3.637994 1
4.696891 3.639292 1
4.493366 3.641963 1
4.287665 3.645133 1
4.081683 3.644882 1
3.879602 3.641633 1
4.698299 6.361084 2
5.711941 3.644645 2
3.794060 3.792303 1
3.820471 3.964051 1
3.831830 4.173845 1
3.824738 4.387755 1
3.818118 4.594825 1
3.813838 4.798208 1
3.811523 4.999689 1
3.810730 5.200062 1
3.811397 5.399538 1
3.814403 5.598020 1
3.822016 5.795403 1
3.854137 6.010942 1
3.809010 6.201818 1
3.984338 6.187819 1
4.187131 6.184612 1
4.392108 6.183928 1
4.596367 6.185392 1
5.611322 3.820980 2
5.405224 3.814687 1
5.202112 3.811705 1
4.999848 3.810969 1
4.797530 3.811940 1
4.594291 3.815134 1
4.388085 3.821581 1
4.175085 3.829355 1
3.965717 3.818590 1
4.798958 6.187218 2
4.042418 4.039702 1
4.013954 4.282567 1
3.999677 4.493560 1
3.991608 4.698021 1
3.986436 4.900120 1
3.983922 5.100821 1
3.982996 5.300550 1
3.983646 5.498712 1
3.987065 5.694353 1
3.981576 5.864599 1
4.076795 6.010706 1
4.284914 6.004316 1
4.493441 6.007114 1
4.698170 6.010512 1
5.506200 3.991862 1
5.303460 3.985818 1
5.101062 3.983914 1
4.898533 3.984063 1
4.696011 3.986255 1
4.493102 3.992536 1
4.284352 4.008356 1
4.900598 6.013912 2
5.714865 4.007560 2
4.208342 4.202204 1
4.182033 4.398869 1
4.173604 4.599751 1
4.162862 4.802161 1
4.158014 5.002370 1
4.155569 5.202445 1
4.153769 5.401451 1
4.153236 5.597424 1
4.168516 5.810633 1
4.390712 5.826420 1
4.597642 5.829285 1
4.801918 5.837666 1
5.598191 4.166802 1
5.403332 4.158935 1
5.202557 4.156714 1
4.999789 4.156389 1
4.796943 4.157049 1
4.595987 4.159571 1
4.400958 4.167648 1
5.002956 5.841684 2
5.790763 4.201298 2
4.331014 4.318569 1
4.371658 4.498763 1
4.339408 4.709141 1
4.332259 4.905314 1
4.329537 5.104638 1
4.326573 5.305268 1
4.321475 5.503583 1
4.305547 5.674067 1
4.494113 5.630286 1
4.707891 5.660985 1
4.905374 5.667368 1
5.668088 4.317640 2
5.502778 4.327365 1
5.304957 4.328632 1
5.101945 4.329381 1
4.897652 4.329564 1
4.694493 4.329161 1
4.496460 4.328167 1
5.105484 5.669804 2
5.666818 5.097191 2
5.666323 4.901888 2
5.839147 4.999345 3
4.496521 4.641739 1
4.503991 4.810073 1
4.502879 5.005909 1
4.503939 5.207926 1
4.496449 5.411569 1
4.640123 5.503543 1
4.809714 5.495664 1
5.006308 5.496612 1
5.496418 5.191912 1
5.661818 5.291677 2
5.497002 4.999701 1
5.495658 4.807553 1
5.659755 4.707521 2
5.502953 4.640473 1
5.627558 4.497765 2
5.410894 4.498173 1
5.206214 4.504466 1
4.999890 4.503228 1
4.793485 4.504927 1
4.588579 4.498978 1
5.208943 5.495486 2
5.504851 5.359362 2
4.682240 4.694730 1
4.673819 4.906794 1
4.676157 5.103004 1
4.693971 5.318064 1
4.906869 5.326146 1
5.103649 5.323884 1
5.319131 5.306384 2
5.327497 5.096061 1
5.327126 4.903711 1
5.317714 4.693514 1
5.100462 4.676728 1
4.899690 4.677087 1
4.822480 4.827415 1
4.857446 5.002383 1
4.827077 5.178535 1
5.002749 5.143690 1
5.179523 5.174121 1
5.145241 5.000305 1
5.178312 4.826221 1
5.000582 4.858382 1
5.001305 5.000966 1
 0 1 2
 2 3 4
 4 5 6
 6 7 8
 8 9 10
 10 11 12
 12 13 14
 14 15 16
 16 17 18
 18 19 20
 20 21 22
 22 23 24
 24 25 26
 26 27 28
 28 29 30
 30 31 32
 32 33 34
 34 35 36
 36 37 38
 38 39 40
 40 41 42
 42 43 44
 44 45 46
 46 47 48
 49 50 51
 52 49 53
 54 52 55
 56 54 57
 58 56 59
 60 58 61
 62 60 63
 64 62 65
 66 64 67
 68 66 69
 70 68 71
 72 70 73
 74 72 75
 76 74 77
 78 76 79
 80 78 81
 82 80 83
 84 82 85
 86 84 87
 88 86 89
 90 88 91
 92 90 93
 94 92 95
 96 94 97
 98 96 99
 100 98 101
 102 100 103
 104 102 105
 106 104 107
 108 106 109
 0 108 1
 2 1 110
 4 3 5
 2 110 3
 6 5 7
 8 7 9
 10 9 11
 12 11 13
 14 13 15
 16 15 17
 18 17 19
 20 19 21
 22 21 23
 24 23 25
 26 25 27
 28 27 29
 30 29 31
 32 31 33
 34 33 35
 36 35 37
 38 37 39
 40 39 41
 42 41 43
 44 43 45
 46 45 47
 50 111 51
 49 51 53
 52 53 55
 54 55 57
 56 57 59
 58 59 61
 60 61 63
 62 63 65
 64 65 67
 66 67 69
 68 69 71
 70 71 73
 72 73 75
 74 75 77
 76 77 79
 78 79 81
 80 81 83
 82 83 85
 84 85 87
 86 87 89
 88 89 91
 90 91 93
 92 93 95
 94 95 97
 96 97 99
 98 99 101
 100 101 103
 102 103 105
 104 105 107
 106 107 109
 108 109 110
 1 108 110
 112 5 3
 110 109 3
 113 7 5
 114 9 7
 115 11 9
 116 13 11
 117 15 13
 118 17 15
 119 19 17
 120 21 19
 121 23 21
 122 25 23
 123 27 25
 124 29 27
 125 31 29
 126 33 31
 127 35 33
 128 37 35
 37 129 39
 39 130 41
 41 131 43
 43 132 45
 45 133 47
 51 111 134
 53 51 135
 55 53 136
 57 55 137
 59 57 138
 61 59 139
 63 61 140
 141 65 63
 142 67 65
 143 69 67
 144 71 69
 145 73 71
 75 73 146
 77 75 147
 79 77 148
 81 79 149
 83 81 150
 85 83 151
 87 85 152
 89 87 153
 91 89 154
 93 91 155
 95 93 156
 97 95 157
 99 97 158
 101 99 159
 103 101 160
 105 103 161
 105 162 107
 107 112 109
 109 112 3
 112 113 5
 113 114 7
 114 115 9
 115 116 11
 116 117 13
 117 118 15
 118 119 17
 119 120 19
 120 121 21
 121 122 23
 122 123 25
 123 124 27
 124 125 29
 125 126 31
 126 127 33
 127 128 35
 37 128 129
 39 129 130
 41 130 131
 43 131 132
 45 132 133
 47 133 163
 111 164 134
 51 134 135
 53 135 136
 55 136 137
 57 137 138
 59 138 139
 61 139 140
 63 140 141
 142 65 141
 143 67 142
 144 69 143
 145 71 144
 146 73 145
 75 146 147
 77 147 148
 79 148 149
 81 149 150
 83 150 151
 85 151 152
 87 152 153
 89 153 154
 91 154 155
 93 155 156
 95 156 157
 97 157 158
 99 158 159
 101 159 160
 103 160 161
 105 161 162
 162 112 107
 165 113 112
 166 114 113
 167 115 114
 168 116 115
 169 117 116
 170 118 117
 171 119 118
 172 120 119
 173 121 120
 174 122 121
 175 123 122
 176 124 123
 177 125 124
 125 178 126
 126 179 127
 127 180 128
 128 181 129
 130 129 182
 131 130 183
 132 131 184
 133 132 185
 163 133 186
 134 164 187
 135 134 188
 136 135 189
 137 136 190
 138 137 191
 139 138 192
 140 139 193
 140 194 141
 141 195 142
 142 196 143
 143 197 144
 144 198 145
 199 146 145
 200 147 146
 201 148 147
 149 148 202
 203 150 149
 151 150 204
 152 151 205
 153 152 206
 153 207 154
 155 154 208
 156 155 209
 157 156 210
 158 157 211
 159 158 212
 160 159 213
 160 214 161
 162 161 215
 162 165 112
 165 166 113
 166 167 114
 167 168 115
 168 169 116
 169 170 117
 170 171 118
 171 172 119
 172 173 120
 173 174 121
 174 175 122
 175 176 123
 176 177 124
 125 177 178
 126 178 179
 127 179 180
 128 180 181
 182 129 181
 183 130 182
 184 131 183
 185 132 184
 186 133 185
 134 187 188
 135 188 189
 136 189 190
 137 190 191
 138 191 192
 139 192 193
 140 193 194
 194 195 141
 195 196 142
 196 197 143
 197 198 144
 198 199 145
 200 146 199
 201 147 200
 202 148 201
 149 202 203
 204 150 203
 151 204 205
 152 205 206
 153 206 207
 207 208 154
 155 208 209
 156 209 210
 157 210 211
 158 211 212
 159 212 213
 160 213 214
 214 215 161
 162 215 165
 165 215 166
 216 167 166
 217 168 167
 218 169 168
 219 170 169
 171 170 220
 221 172 171
 222 173 172
 223 174 173
 224 175 174
 175 225 176
 176 226 177
 177 227 178
 179 178 228
 180 179 229
 181 180 230
 182 181 231
 232 183 182
 233 184 183
 234 185 184
 235 186 185
 188 187 236
 189 188 237
 189 238 190
 191 190 239
 192 191 240
 193 192 241
 194 193 242
 195 194 243
 196 195 244
 197 196 245
 198 197 246
 199 198 247
 199 248 200
 200 249 201
 201 250 202
 202 251 203
 252 204 203
 253 205 204
 254 206 205
 206 255 207
 208 207 256
 209 208 257
 210 209 258
 259 211 210
 212 211 260
 213 212 261
 213 262 214
 215 214 216
 215 216 166
 216 217 167
 217 218 168
 218 219 169
 220 170 219
 220 221 171
 221 222 172
 222 223 173
 223 224 174
 175 224 225
 176 225 226
 177 226 227
 228 178 227
 229 179 228
 230 180 229
 231 181 230
 231 232 182
 232 233 183
 233 234 184
 234 235 185
 188 236 237
 189 237 238
 238 239 190
 191 239 240
 241 192 240
 193 241 242
 194 242 243
 195 243 244
 196 244 245
 197 245 246
 198 246 247
 199 247 248
 248 249 200
 249 250 201
 250 251 202
 251 252 203
 253 204 252
 254 205 253
 255 206 254
 255 256 207
 208 256 257
 209 257 258
 210 258 259
 260 211 259
 212 260 261
 213 261 262
 262 216 214
 263 217 216
 264 218 217
 265 219 218
 266 220 219
 267 221 220
 221 268 222
 222 269 223
 223 270 224
 225 224 271
 226 225 272
 227 226 273
 274 228 227
 275 229 228
 276 230 229
 277 231 230
 232 231 278
 233 232 279
 234 233 280
 235 234 281
 237 236 282
 238 237 283
 239 238 284
 240 239 285
 240 286 241
 241 287 242
 242 288 243
 243 289 244
 244 290 245
 245 291 246
 292 247 246
 248 247 293
 248 294 249
 250 249 295
 251 250 296
 252 251 297
 252 298 253
 253 299 254
 254 300 255
 301 256 255
 302 257 256
 303 258 257
 259 258 304
 260 259 305
 261 260 306
 262 261 307
 262 263 216
 263 264 217
 264 265 218
 265 266 219
 266 267 220
 221 267 268
 222 268 269
 223 269 270
 271 224 270
 272 225 271
 273 226 272
 273 274 227
 274 275 228
 275 276 229
 276 277 230
 278 231 277
 279 232 278
 280 233 279
 281 234 280
 237 282 283
 238 283 284
 239 284 285
 240 285 286
 241 286 287
 287 288 242
 288 289 243
 289 290 244
 290 291 245
 291 292 246
 293 247 292
 248 293 294
 294 295 249
 250 295 296
 251 296 297
 252 297 298
 298 299 253
 299 300 254
 300 301 255
 302 256 301
 303 257 302
 304 258 303
 259 304 305
 260 305 306
 261 306 307
 262 307 263
 263 308 264
 309 265 264
 265 310 266
 266 311 267
 267 312 268
 269 268 313
 270 269 314
 315 271 270
 316 272 271
 273 272 317
 318 274 273
 274 319 275
 276 275 320
 277 276 321
 278 277 322
 279 278 323
 280 279 324
 281 280 325
 282 326 283
 284 283 327
 284 328 285
 286 285 329
 287 286 330
 287 331 288
 289 288 332
 289 333 290
 290 334 291
 291 335 292
 292 336 293
 293 337 294
 294 338 295
 295 339 296
 340 297 296
 298 297 341
 342 299 298
 300 299 343
 301 300 344
 301 345 302
 346 303 302
 347 304 303
 348 305 304
 306 305 349
 307 306 350
 263 307 308
 308 309 264
 265 309 310
 266 310 311
 267 311 312
 313 268 312
 314 269 313
 314 315 270
 315 316 271
 317 272 316
 317 318 273
 274 318 319
 320 275 319
 321 276 320
 322 277 321
 323 278 322
 324 279 323
 325 280 324
 325 351 281
 326 327 283
 284 327 328
 329 285 328
 330 286 329
 287 330 331
 331 332 288
 289 332 333
 333 334 290
 334 335 291
 335 336 292
 336 337 293
 337 338 294
 338 339 295
 339 340 296
 341 297 340
 298 341 342
 343 299 342
 300 343 344
 301 344 345
 345 346 302
 347 303 346
 348 304 347
 349 305 348
 306 349 350
 307 350 308
 350 309 308
 309 352 310
 310 353 311
 312 311 354
 355 313 312
 313 356 314
 357 315 314
 315 358 316
 317 316 359
 318 317 360
 319 318 361
 320 319 362
 321 320 363
 322 321 364
 365 323 322
 324 323 366
 325 324 367
 351 325 368
 327 326 369
 328 327 370
 328 371 329
 329 372 330
 373 331 330
 331 374 332
 332 375 333
 333 376 334
 377 335 334
 336 335 378
 337 336 379
 337 380 338
 338 381 339
 339 382 340
 340 383 341
 341 384 342
 342 385 343
 386 344 343
 345 344 387
 346 345 388
 347 346 389
 347 390 348
 349 348 391
 352 350 349
 309 350 352
 310 352 353
 354 311 353
 354 355 312
 313 355 356
 356 357 314
 315 357 358
 359 316 358
 360 317 359
 361 318 360
 362 319 361
 363 320 362
 364 321 363
 364 365 322
 366 323 365
 367 324 366
 368 325 367
 392 351 368
 326 393 369
 327 369 370
 328 370 371
 329 371 372
 372 373 330
 374 331 373
 374 375 332
 375 376 333
 376 377 334
 378 335 377
 336 378 379
 337 379 380
 380 381 338
 381 382 339
 382 383 340
 383 384 341
 384 385 342
 385 386 343
 387 344 386
 345 387 388
 346 388 389
 347 389 390
 390 391 348
 349 391 352
 353 352 394
 395 354 353
 396 355 354
 355 397 356
 357 356 398
 358 357 399
 359 358 400
 360 359 401
 361 360 402
 403 362 361
 362 404 363
 364 363 405
 365 364 406
 366 365 407
 367 366 408
 409 368 367
 410 392 368
 369 393 411
 369 412 370
 370 413 371
 371 414 372
 372 415 373
 373 416 374
 374 417 375
 376 375 418
 376 419 377
 377 420 378
 378 421 379
 379 422 380
 380 423 381
 424 382 381
 383 382 425
 383 426 384
 384 427 385
 385 428 386
 386 429 387
 387 430 388
 431 389 388
 390 389 432
 391 390 433
 394 352 391
 394 395 353
 395 396 354
 355 396 397
 398 356 397
 399 357 398
 400 358 399
 401 359 400
 402 360 401
 402 403 361
 362 403 404
 405 363 404
 406 364 405
 407 365 406
 408 366 407
 408 409 367
 409 410 368
 369 411 412
 370 412 413
 371 413 414
 372 414 415
 415 416 373
 416 417 374
 417 418 375
 376 418 419
 419 420 377
 420 421 378
 421 422 379
 422 423 380
 423 424 381
 425 382 424
 383 425 426
 426 427 384
 427 428 385
 428 429 386
 429 430 387
 430 431 388
 432 389 431
 390 432 433
 391 433 394
 394 434 395
 395 435 396
 397 396 436
 398 397 437
 399 398 438
 439 400 399
 400 440 401
 402 401 441
 403 402 442
 404 403 443
 405 404 444
 445 406 405
 407 406 446
 407 447 408
 448 409 408
 449 410 409
 412 411 450
 412 451 413
 413 452 414
 414 453 415
 416 415 454
 417 416 455
 418 417 456
 419 418 457
 458 420 419
 421 420 459
 421 460 422
 423 422 461
 423 462 424
 463 425 424
 425 464 426
 426 465 427
 466 428 427
 428 467 429
 429 468 430
 430 469 431
 470 432 431
 471 433 432
 394 433 434
 395 434 435
 436 396 435
 437 397 436
 438 398 437
 438 439 399
 400 439 440
 441 401 440
 442 402 441
 443 403 442
 444 404 443
 444 445 405
 446 406 445
 407 446 447
 447 448 408
 448 449 409
 449 472 410
 412 450 451
 413 451 452
 414 452 453
 454 415 453
 455 416 454
 417 455 456
 418 456 457
 419 457 458
 459 420 458
 421 459 460
 460 461 422
 423 461 462
 462 463 424
 464 425 463
 464 465 426
 465 466 427
 467 428 466
 467 468 429
 468 469 430
 469 470 431
 471 432 470
 434 433 471
 434 471 435
 436 435 473
 437 436 474
 437 475 438
 439 438 476
 439 477 440
 441 440 478
 479 442 441
 443 442 480
 481 444 443
 482 445 444
 483 446 445
 446 484 447
 447 485 448
 448 486 449
 449 487 472
 450 488 451
 452 451 489
 453 452 490
 454 453 491
 455 454 492
 493 456 455
 494 457 456
 495 458 457
 496 459 458
 459 497 460
 461 460 498
 462 461 499
 463 462 500
 463 501 464
 465 464 502
 465 503 466
 467 466 504
 467 505 468
 506 469 468
 507 470 469
 470 473 471
 473 435 471
 474 436 473
 437 474 475
 476 438 475
 439 476 477
 478 440 477
 478 479 441
 480 442 479
 480 481 443
 481 482 444
 482 483 445
 446 483 484
 447 484 485
 448 485 486
 449 486 487
 472 487 508
 450 509 488
 489 451 488
 490 452 489
 491 453 490
 492 454 491
 455 492 493
 494 456 493
 495 457 494
 496 458 495
 497 459 496
 497 498 460
 461 498 499
 462 499 500
 463 500 501
 501 502 464
 465 502 503
 503 504 466
 467 504 505
 505 506 468
 507 469 506
 473 470 507
 473 510 474
 475 474 511
 476 475 512
 513 477 476
 478 477 514
 515 479 478
 516 480 479
 481 480 517
 481 518 482
 482 519 483
 483 520 484
 521 485 484
 522 486 485
 486 523 487
 487 524 508
 488 509 525
 488 526 489
 489 527 490
 490 528 491
 492 491 529
 493 492 530
 531 494 493
 494 532 495
 496 495 533
 534 497 496
 535 498 497
 536 499 498
 537 500 499
 500 538 501
 502 501 539
 503 502 540
 503 541 504
 505 504 542
 543 506 505
 506 544 507
 473 507 510
 511 474 510
 512 475 511
 512 513 476
 514 477 513
 514 515 478
 515 516 479
 517 480 516
 481 517 518
 482 518 519
 483 519 520
 520 521 484
 521 522 485
 486 522 523
 487 523 524
 508 524 545
 488 525 526
 489 526 527
 490 527 528
 529 491 528
 492 529 530
 493 530 531
 532 494 531
 532 533 495
 496 533 534
 535 497 534
 536 498 535
 537 499 536
 538 500 537
 538 539 501
 502 539 540
 503 540 541
 541 542 504
 505 542 543
 544 506 543
 544 510 507
 510 544 511
 546 512 511
 547 513 512
 548 514 513
 515 514 549
 515 550 516
 516 551 517
 517 552 518
 553 519 518
 519 554 520
 520 555 521
 521 556 522
 523 522 557
 523 558 524
 524 559 545
 560 526 525
 527 526 561
 562 528 527
 529 528 563
 530 529 564
 531 530 565
 531 566 532
 567 533 532
 568 534 533
 535 534 569
 536 535 570
 537 536 571
 572 538 537
 573 539 538
 540 539 574
 540 575 541
 542 541 576
 542 577 543
 544 543 546
 544 546 511
 546 547 512
 547 548 513
 549 514 548
 515 549 550
 516 550 551
 517 551 552
 552 553 518
 519 553 554
 520 554 555
 521 555 556
 557 522 556
 523 557 558
 524 558 559
 578 545 559
 561 526 560
 561 562 527
 563 528 562
 564 529 563
 530 564 565
 531 565 566
 566 567 532
 568 533 567
 569 534 568
 535 569 570
 536 570 571
 537 571 572
 573 538 572
 574 539 573
 540 574 575
 575 576 541
 542 576 577
 577 546 543
 579 547 546
 548 547 580
 548 581 549
 549 582 550
 583 551 550
 584 552 551
 552 585 553
 553 586 554
 554 587 555
 556 555 588
 556 589 557
 590 558 557
 591 559 558
 592 578 559
 561 560 593
 561 594 562
 562 595 563
 563 596 564
 565 564 597
 565 598 566
 599 567 566
 600 568 567
 568 601 569
 569 602 570
 603 571 570
 604 572 571
 573 572 605
 574 573 606
 607 575 574
 608 576 575
 576 609 577
 577 579 546
 580 547 579
 548 580 581
 549 581 582
 582 583 550
 583 584 551
 552 584 585
 553 585 586
 554 586 587
 588 555 587
 556 588 589
 589 590 557
 590 591 558
 591 592 559
 610 578 592
 561 593 594
 562 594 595
 563 595 596
 596 597 564
 565 597 598
 598 599 566
 600 567 599
 601 568 600
 601 602 569
 602 603 570
 604 571 603
 605 572 604
 573 605 606
 574 606 607
 608 575 607
 609 576 608
 609 579 577
 611 580 579
 580 612 581
 613 582 581
 582 614 583
 583 615 584
 585 584 616
 585 617 586
 618 587 586
 619 588 587
 588 620 589
 589 621 590
 590 622 591
 591 623 592
 592 624 610
 625 610 626
 593 627 594
 595 594 628
 596 595 629
 597 596 630
 631 598 597
 632 599 598
 633 600 599
 601 600 634
 602 601 635
 636 603 602
 637 604 603
 604 638 605
 639 606 605
 640 607 606
 607 641 608
 642 609 608
 609 611 579
 580 611 612
 612 613 581
 582 613 614
 583 614 615
 616 584 615
 585 616 617
 617 618 586
 618 619 587
 588 619 620
 589 620 621
 590 621 622
 591 622 623
 592 623 624
 626 610 624
 643 625 626
 628 594 627
 629 595 628
 630 596 629
 597 630 631
 632 598 631
 633 599 632
 634 600 633
 601 634 635
 602 635 636
 637 603 636
 638 604 637
 638 639 605
 640 606 639
 641 607 640
 641 642 608
 611 609 642
 611 642 612
 612 644 613
 614 613 645
 614 646 615
 615 647 616
 648 617 616
 617 649 618
 618 650 619
 619 651 620
 652 621 620
 621 653 622
 622 654 623
 655 624 623
 624 656 626
 626 657 643
 658 659 643
 627 660 628
 628 661 629
 630 629 662
 663 631 630
 664 632 631
 633 632 665
 666 634 633
 667 635 634
 668 636 635
 669 637 636
 637 670 638
 671 639 638
 672 640 639
 673 641 640
 644 642 641
 612 642 644
 645 613 644
 614 645 646
 615 646 647
 647 648 616
 617 648 649
 618 649 650
 619 650 651
 651 652 620
 621 652 653
 622 653 654
 654 655 623
 624 655 656
 626 656 657
 657 658 643
 658 674 659
 628 660 661
 662 629 661
 630 662 663
 664 631 663
 665 632 664
 633 665 666
 667 634 666
 668 635 667
 669 636 668
 670 637 669
 670 671 638
 672 639 671
 673 640 672
 644 641 673
 644 675 645
 645 676 646
 646 677 647
 647 678 648
 648 679 649
 649 680 650
 650 681 651
 651 682 652
 683 653 652
 684 654 653
 655 654 685
 655 686 656
 687 657 656
 658 657 688
 689 674 658
 690 661 660
 691 662 661
 692 663 662
 664 663 693
 665 664 694
 695 666 665
 667 666 696
 697 668 667
 698 669 668
 699 670 669
 700 671 670
 701 672 671
 702 673 672
 644 673 675
 645 675 676
 646 676 677
 647 677 678
 648 678 679
 649 679 680
 650 680 681
 651 681 682
 682 683 652
 683 684 653
 685 654 684
 655 685 686
 686 687 656
 688 657 687
 688 689 658
 674 689 703
 704 690 660
 690 691 661
 691 692 662
 693 663 692
 664 693 694
 665 694 695
 696 666 695
 667 696 697
 698 668 697
 699 669 698
 700 670 699
 701 671 700
 702 672 701
 675 673 702
 676 675 705
 676 706 677
 677 707 678
 678 708 679
 679 709 680
 680 710 681
 682 681 711
 712 683 682
 713 684 683
 685 684 714
 686 685 715
 716 687 686
 717 688 687
 688 718 689
 703 689 719
 704 720 690
 690 721 691
 722 692 691
 692 723 693
 694 693 724
 695 694 725
 695 726 696
 696 727 697
 698 697 728
 729 699 698
 730 700 699
 701 700 731
 732 702 701
 705 675 702
 676 705 706
 677 706 707
 678 707 708
 679 708 709
 680 709 710
 711 681 710
 711 712 682
 712 713 683
 714 684 713
 715 685 714
 715 716 686
 716 717 687
 688 717 718
 719 689 718
 733 703 719
 704 734 720
 690 720 721
 721 722 691
 692 722 723
 723 724 693
 694 724 725
 695 725 726
 726 727 696
 727 728 697
 698 728 729
 730 699 729
 731 700 730
 701 731 732
 705 702 732
 705 732 706
 706 735 707
 708 707 736
 709 708 737
 738 710 709
 739 711 710
 712 711 740
 741 713 712
 714 713 742
 715 714 743
 715 744 716
 717 716 745
 746 718 717
 718 747 719
 719 748 733
 749 733 750
 751 720 734
 752 721 720
 753 722 721
 722 754 723
 723 755 724
 725 724 756
 726 725 757
 726 758 727
 727 759 728
 729 728 760
 729 761 730
 731 730 762
 735 732 731
 706 732 735
 736 707 735
 737 708 736
 737 738 709
 738 739 710
 740 711 739
 740 741 712
 742 713 741
 743 714 742
 715 743 744
 745 716 744
 745 746 717
 718 746 747
 719 747 748
 750 733 748
 750 763 749
 764 751 734
 751 752 720
 752 753 721
 722 753 754
 754 755 723
 755 756 724
 725 756 757
 726 757 758
 758 759 727
 759 760 728
 729 760 761
 761 762 730
 731 762 735
 765 736 735
 766 737 736
 738 737 767
 768 739 738
 740 739 769
 740 770 741
 771 742 741
 743 742 772
 773 744 743
 744 774 745
 746 745 775
 747 746 776
 747 777 748
 748 778 750
 779 763 750
 780 781 782
 783 780 784
 785 786 783
 786 787 788
 789 751 764
 752 751 790
 752 791 753
 753 792 754
 754 793 755
 755 794 756
 757 756 795
 758 757 796
 758 797 759
 760 759 798
 799 761 760
 762 761 800
 762 765 735
 765 766 736
 767 737 766
 767 768 738
 769 739 768
 740 769 770
 770 771 741
 772 742 771
 772 773 743
 744 773 774
 775 745 774
 776 746 775
 747 776 777
 748 777 778
 778 779 750
 779 801 763
 802 782 781
 780 782 784
 783 784 785
 787 786 785
 787 803 788
 790 751 789
 752 790 791
 753 791 792
 754 792 793
 793 794 755
 794 795 756
 757 795 796
 758 796 797
 797 798 759
 760 798 799
 800 761 799
 762 800 765
 804 766 765
 805 767 766
 768 767 806
 807 769 768
 770 769 808
 770 809 771
 810 772 771
 811 773 772
 774 773 812
 775 774 813
 776 775 814
 776 815 777
 816 778 777
 779 778 817
 818 801 779
 782 802 819
 782 820 784
 785 784 821
 787 785 822
 823 803 787
 789 824 790
 790 825 791
 791 826 792
 792 827 793
 794 793 828
 795 794 829
 796 795 830
 796 831 797
 798 797 832
 799 798 833
 799 834 800
 800 804 765
 804 805 766
 806 767 805
 806 807 768
 808 769 807
 770 808 809
 809 810 771
 810 811 772
 812 773 811
 813 774 812
 814 775 813
 776 814 815
 815 816 777
 817 778 816
 817 818 779
 818 835 801
 836 819 802
 782 819 820
 820 821 784
 785 821 822
 787 822 823
 790 824 825
 791 825 826
 792 826 827
 827 828 793
 794 828 829
 795 829 830
 796 830 831
 831 832 797
 798 832 833
 799 833 834
 834 804 800
 805 804 834
 837 806 805
 807 806 838
 839 808 807
 840 809 808
 809 841 810
 810 842 811
 811 843 812
 813 812 844
 813 845 814
 814 846 815
 816 815 847
 816 848 817
 818 817 849
 850 835 818
 850 819 836
 819 851 820
 852 821 820
 853 822 821
 823 822 854
 855 825 824
 825 856 826
 827 826 857
 858 828 827
 859 829 828
 860 830 829
 830 861 831
 832 831 862
 863 833 832
 834 833 837
 834 837 805
 838 806 837
 838 839 807
 839 840 808
 809 840 841
 810 841 842
 811 842 843
 844 812 843
 813 844 845
 814 845 846
 847 815 846
 816 847 848
 849 817 848
 849 850 818
 835 850 836
 851 819 850
 851 852 820
 853 821 852
 854 822 853
 823 854 864
 865 855 824
 825 855 856
 857 826 856
 827 857 858
 859 828 858
 860 829 859
 861 830 860
 861 862 831
 832 862 863
 837 833 863
 837 866 838
 867 839 838
 840 839 868
 840 869 841
 842 841 870
 871 843 842
 843 872 844
 873 845 844
 846 845 874
 847 846 875
 848 847 876
 848 877 849
 849 878 850
 878 851 850
 879 852 851
 852 880 853
 853 881 854
 882 864 854
 883 855 865
 884 856 855
 885 857 856
 857 886 858
 858 887 859
 888 860 859
 889 861 860
 890 862 861
 863 862 891
 837 863 866
 866 867 838
 868 839 867
 840 868 869
 870 841 869
 870 871 842
 843 871 872
 872 873 844
 874 845 873
 875 846 874
 876 847 875
 848 876 877
 849 877 878
 878 879 851
 880 852 879
 880 881 853
 881 882 854
 892 864 882
 883 884 855
 884 885 856
 857 885 886
 886 887 858
 887 888 859
 889 860 888
 890 861 889
 891 862 890
 863 891 866
 891 867 866
 867 893 868
 894 869 868
 869 895 870
 870 896 871
 871 897 872
 872 898 873
 874 873 899
 900 875 874
 876 875 901
 877 876 902
 878 877 879
 879 903 880
 880 904 881
 882 881 905
 882 906 892
 883 907 884
 885 884 908
 885 909 886
 910 887 886
 888 887 911
 888 912 889
 913 890 889
 893 891 890
 867 891 893
 893 894 868
 869 894 895
 870 895 896
 871 896 897
 872 897 898
 899 873 898
 899 900 874
 901 875 900
 902 876 901
 903 877 902
 879 877 903
 903 904 880
 904 905 881
 882 905 906
 906 914 892
 883 915 907
 908 884 907
 885 908 909
 910 886 909
 911 887 910
 888 911 912
 912 913 889
 893 890 913
 894 893 916
 894 917 895
 896 895 918
 897 896 919
 898 897 920
 921 899 898
 922 900 899
 901 900 923
 902 901 924
 902 924 903
 924 904 903
 925 905 904
 906 905 926
 914 906 927
 907 915 928
 929 908 907
 909 908 930
 931 910 909
 910 932 911
 933 912 911
 913 912 934
 916 893 913
 894 916 917
 918 895 917
 919 896 918
 920 897 919
 920 921 898
 921 922 899
 923 900 922
 924 901 923
 925 904 924
 926 905 925
 906 926 927
 914 927 935
 928 915 936
 928 929 907
 930 908 929
 930 931 909
 931 932 910
 932 933 911
 934 912 933
 913 934 916
 916 937 917
 918 917 938
 919 918 939
 920 919 940
 941 921 920
 942 922 921
 923 922 943
 924 923 944
 924 944 925
 945 926 925
 926 946 927
 927 947 935
 948 928 936
 949 929 928
 930 929 950
 951 931 930
 931 952 932
 932 953 933
 954 934 933
 916 934 937
 938 917 937
 939 918 938
 940 919 939
 940 941 920
 941 942 921
 943 922 942
 923 943 944
 944 945 925
 946 926 945
 946 947 927
 947 955 935
 956 957 958
 948 949 928
 950 929 949
 950 951 930
 931 951 952
 952 953 932
 953 954 933
 937 934 954
 954 938 937
 959 939 938
 940 939 960
 961 941 940
 962 942 941
 943 942 963
 943 945 944
 964 946 945
 947 946 965
 966 955 947
 967 956 968
 956 969 957
 957 970 971
 972 973 971
 948 973 949
 950 949 974
 951 950 975
 951 976 952
 952 977 953
 953 978 954
 978 938 954
 978 959 938
 960 939 959
 960 961 940
 961 962 941
 963 942 962
 943 963 945
 963 964 945
 965 946 964
 947 965 966
 979 955 966
 980 967 968
 967 969 956
 969 970 957
 970 972 971
 974 973 972
 974 949 973
 975 950 974
 951 975 976
 976 977 952
 977 978 953
 978 981 959
 981 960 959
 960 982 961
 961 983 962
 963 962 984
 964 963 984
 964 984 965
 985 966 965
 979 966 986
 987 967 980
 969 967 988
 969 989 970
 990 972 970
 974 972 990
 974 990 975
 976 975 991
 992 977 976
 978 977 981
 960 981 982
 961 982 983
 984 962 983
 984 985 965
 986 966 985
 979 986 987
 988 967 987
 969 988 989
 989 990 970
 991 975 990
 991 992 976
 981 977 992
 982 981 993
 982 994 983
 995 984 983
 985 984 995
 986 985 996
 986 997 987
 997 988 987
 988 998 989
 989 999 990
 999 991 990
 992 991 1000
 993 981 992
 994 982 993
 994 995 983
 996 985 995
 986 996 997
 997 998 988
 998 999 989
 1000 991 999
 1000 993 992
 1000 994 993
 994 996 995
 996 998 997
 1000 999 998
 1000 1001 994
 996 994 1001
 996 1001 998
 1000 998 1001
 29
 957 971 973 948 958 936 915 883 865 824 789 764 734 704 660 627 593 560 525 509 450 411 393 326 282 236 187 164 111
 0
 43
 987 979 980 955 956 968 935 958 914 892 864 836 835 823 802 801 803 781 763 780 783 786 788 749 733 703 674 659 643 625 610 578 545 508 472 410 392 351 281 235 186 163 47
