1053 1963
0.000000 4.800000 0
0.173205 4.900000 1
0.000000 5.000000 0
0.000000 5.200000 0
0.173205 5.100000 1
0.173205 5.300000 1
0.000000 5.400000 0
0.173205 5.500000 1
0.000000 5.600000 0
0.173205 5.700000 1
0.000000 5.800000 0
0.173205 5.900000 1
0.000000 6.000000 0
0.173205 6.100000 1
0.000000 6.200000 0
0.173205 6.300000 1
0.000000 6.400000 0
0.173205 6.500000 1
0.000000 6.600000 0
0.173205 6.700000 1
0.000000 6.800000 0
0.173205 6.900000 1
0.000000 7.000000 0
0.173205 7.100000 1
0.000000 7.200000 0
0.173205 7.300000 1
0.000000 7.400000 0
0.173205 7.500000 1
0.000000 7.600000 0
0.173205 7.699999 1
0.000000 7.800000 0
0.173210 7.899996 1
0.000000 8.000000 0
0.173231 8.100002 1
0.000000 8.200000 0
0.173282 8.300057 1
0.000000 8.400000 0
0.173355 8.500252 1
0.000000 8.600000 0
0.173396 8.700693 1
0.000000 8.800000 0
0.173305 8.901406 1
0.000000 9.000000 0
0.173112 9.102262 1
0.000000 9.200000 0
0.173339 9.303297 1
0.000000 9.400000 0
0.175066 9.506494 1
0.000000 9.600000 0
0.164370 9.702746 1
0.000000 9.800000 0
0.087359 9.912414 1
0.000000 10.000000 0
0.200000 10.000000 0
0.295277 9.833226 1
0.400000 10.000000 0
0.491419 9.819784 1
0.600000 10.000000 0
0.696277 9.819970 1
0.800000 10.000000 0
0.898880 9.822006 1
1.000000 10.000000 0
1.099898 9.824569 1
1.200000 10.000000 0
1.300002 9.825985 1
1.400000 10.000000 0
1.499953 9.826576 1
1.600000 10.000000 0
1.699943 9.826763 1
1.800000 10.000000 0
1.899964 9.826800 1
2.000000 10.000000 0
2.099984 9.826799 1
2.200000 10.000000 0
2.299995 9.826796 1
2.400000 10.000000 0
2.499999 9.826795 1
2.600000 10.000000 0
2.700000 9.826795 1
2.800000 10.000000 0
2.900000 9.826795 1
3.000000 10.000000 0
3.100000 9.826795 1
3.200000 10.000000 0
3.300000 9.826795 1
3.400000 10.000000 0
3.500000 9.826795 1
3.600000 10.000000 0
3.700000 9.826795 1
3.800000 10.000000 0
3.900000 9.826795 1
4.000000 10.000000 0
4.100000 9.826795 1
4.200000 10.000000 0
4.300000 9.826795 1
4.400000 10.000000 0
4.500000 9.826795 1
4.600000 10.000000 0
4.700000 9.826795 1
4.800000 10.000000 0
4.900000 9.826795 1
5.000000 10.000000 0
5.200000 10.000000 0
5.100000 9.826795 1
5.300000 9.826795 1
5.400000 10.000000 0
5.500000 9.826795 1
5.600000 10.000000 0
5.700000 9.826795 1
5.800000 10.000000 0
5.900000 9.826795 1
6.000000 10.000000 0
6.100000 9.826795 1
6.200000 10.000000 0
6.300000 9.826795 1
6.400000 10.000000 0
6.500000 9.826795 1
6.600000 10.000000 0
6.700000 9.826795 1
6.800000 10.000000 0
6.900000 9.826795 1
7.000000 10.000000 0
7.100000 9.826795 2
7.200000 10.000000 0
0.173205 4.700000 2
0.149413 9.849668 1
0.346410 4.800000 2
0.346410 5.000000 1
0.346410 5.200000 1
0.346410 5.400000 1
0.346410 5.600000 1
0.346410 5.800000 1
0.346410 6.000000 1
0.346410 6.200000 1
0.346410 6.400000 1
0.346410 6.600000 1
0.346410 6.800000 1
0.346410 7.000000 1
0.346410 7.200000 1
0.346410 7.400000 1
0.346408 7.599998 1
0.346411 7.799990 1
0.346439 7.999973 1
0.346539 8.199990 1
0.346761 8.400186 1
0.347051 8.600819 1
0.347170 8.802126 1
0.346724 9.003945 1
0.345804 9.205498 1
0.346365 9.405966 1
0.366420 9.627176 1
0.590643 9.638189 1
0.797026 9.639455 1
1.000504 9.647519 1
1.200404 9.651418 1
1.400005 9.653032 1
1.599845 9.653549 1
1.799859 9.653640 1
1.999921 9.653622 1
2.199967 9.653599 1
2.399989 9.653590 1
2.599997 9.653589 1
2.799999 9.653589 1
3.000000 9.653590 1
3.200000 9.653590 1
3.400000 9.653590 1
3.600000 9.653590 1
3.800000 9.653590 1
4.000000 9.653590 1
4.200000 9.653590 1
4.400000 9.653590 1
4.600000 9.653590 1
4.800000 9.653590 1
5.000000 9.653590 1
5.200000 9.653590 1
5.400000 9.653590 1
5.600000 9.653590 1
5.800000 9.653590 1
6.000000 9.653590 1
6.200000 9.653590 1
6.400000 9.653590 1
6.600000 9.653590 1
6.800000 9.653590 1
7.000000 9.653590 1
7.200000 9.653590 2
0.519615 4.900000 1
0.519615 5.100000 1
0.519615 5.300000 1
0.519615 5.500000 1
0.519615 5.700000 1
0.519615 5.900000 1
0.519615 6.100000 1
0.519615 6.300000 1
0.519615 6.500000 1
0.519615 6.700000 1
0.519615 6.900000 1
0.519615 7.100000 1
0.519615 7.300002 1
0.519613 7.500002 1
0.519607 7.699993 1
0.519617 7.899950 1
0.519721 8.099868 1
0.520078 8.299863 1
0.520832 8.500332 1
0.521715 8.701867 1
0.522033 8.904896 1
0.520167 9.108484 1
0.516094 9.309842 1
0.502026 9.483924 1
0.691279 9.438541 1
0.905519 9.469888 1
1.102293 9.477044 1
1.300466 9.479819 1
1.499710 9.480616 1
1.699596 9.480661 1
1.899716 9.480534 1
2.099850 9.480433 1
2.299935 9.480390 1
2.499976 9.480380 1
2.699993 9.480382 1
2.899999 9.480384 1
3.100000 9.480385 1
3.300000 9.480385 1
3.500000 9.480385 1
3.700000 9.480385 1
3.900000 9.480385 1
4.100000 9.480385 1
4.300000 9.480385 1
4.500000 9.480385 1
4.700000 9.480385 1
4.900000 9.480385 1
5.100000 9.480385 1
5.300000 9.480385 1
5.500000 9.480385 1
5.700000 9.480385 1
5.900000 9.480385 1
6.100000 9.480385 1
6.300000 9.480385 1
6.500000 9.480385 1
6.700000 9.480385 1
6.900000 9.480385 1
7.100000 9.480385 1
0.519615 4.700000 2
7.300002 9.480387 2
0.692820 4.800000 1
0.692820 5.000000 1
0.692820 5.200000 1
0.692820 5.400000 1
0.692820 5.600000 1
0.692820 5.800000 1
0.692820 6.000000 1
0.692820 6.200000 1
0.692820 6.400000 1
0.692820 6.600000 1
0.692820 6.800000 1
0.692822 7.000001 1
0.692824 7.200005 1
0.692827 7.400013 1
0.692819 7.600022 1
0.692793 7.799987 1
0.692804 7.999825 1
0.693086 8.199495 1
0.694128 8.399289 1
0.696392 8.600256 1
0.698498 8.803503 1
0.699922 9.010504 1
0.692332 9.217192 1
0.837106 9.311172 1
1.006657 9.305138 1
1.201722 9.308072 1
1.399538 9.308581 1
1.599009 9.308180 1
1.799177 9.307693 1
1.999483 9.307365 1
2.199725 9.307206 1
2.399874 9.307160 1
2.599952 9.307162 1
2.799986 9.307173 1
2.999997 9.307178 1
3.200000 9.307179 1
3.400000 9.307179 1
3.600000 9.307179 1
3.800000 9.307179 1
4.000000 9.307179 1
4.200000 9.307179 1
4.400000 9.307179 1
4.600000 9.307179 1
4.800000 9.307179 1
5.000000 9.307179 1
5.200000 9.307179 1
5.400000 9.307179 1
5.600000 9.307179 1
5.800000 9.307179 1
6.000000 9.307179 1
6.200000 9.307179 1
6.400000 9.307179 1
6.600000 9.307179 1
6.800000 9.307179 1
7.000001 9.307179 1
7.200006 9.307181 1
0.692820 4.600000 2
7.400021 9.307189 2
0.866025 4.700000 1
0.866025 4.900000 1
0.866025 5.100000 1
0.866025 5.300000 1
0.866025 5.500000 1
0.866025 5.700000 1
0.866025 5.900000 1
0.866025 6.100000 1
0.866025 6.300000 1
0.866025 6.500000 1
0.866026 6.700000 1
0.866029 6.900002 1
0.866039 7.100008 1
0.866061 7.300032 1
0.866084 7.500082 1
0.866058 7.700128 1
0.865936 7.900033 1
0.865847 8.099525 1
0.866400 8.298420 1
0.868979 8.497291 1
0.875921 8.699565 1
0.877405 8.904689 1
0.891755 9.125154 1
1.103856 9.139504 1
1.299141 9.138507 1
1.497783 9.136682 1
1.697985 9.135341 1
1.898566 9.134526 1
2.099104 9.134078 1
2.299514 9.133916 1
2.499775 9.133906 1
2.699914 9.133938 1
2.899974 9.133962 1
3.099994 9.133972 1
3.299999 9.133974 1
3.500000 9.133975 1
3.700000 9.133975 1
3.900000 9.133975 1
4.100000 9.133975 1
4.300000 9.133975 1
4.500000 9.133975 1
4.700000 9.133975 1
4.900000 9.133975 1
5.100000 9.133975 1
5.300000 9.133975 1
5.500000 9.133975 1
5.700000 9.133975 1
5.900000 9.133975 1
6.100000 9.133975 1
6.300000 9.133975 1
6.500000 9.133975 1
6.700000 9.133975 1
6.900002 9.133974 1
7.100012 9.133974 1
7.300042 9.133979 1
0.866025 4.500000 2
7.500120 9.134007 2
1.039230 4.600000 2
1.039230 4.800000 1
1.039230 5.000000 1
1.039230 5.200000 1
1.039230 5.400000 1
1.039230 5.600000 1
1.039230 5.800000 1
1.039230 6.000000 1
1.039230 6.200000 1
1.039230 6.400000 1
1.039231 6.600001 1
1.039236 6.800003 1
1.039256 7.000013 1
1.039316 7.200050 1
1.039425 7.400152 1
1.039524 7.600350 1
1.039431 7.800554 1
1.038928 8.000355 1
1.038239 8.198991 1
1.038748 8.395752 1
1.043566 8.590389 1
1.072745 8.801568 1
1.028295 8.988511 1
1.197861 8.972159 1
1.395215 8.966660 1
1.595684 8.963572 1
1.796708 8.962122 1
1.997642 8.961090 1
2.198525 8.960625 1
2.399208 8.960560 1
2.599639 8.960635 1
2.799864 8.960711 1
2.999959 8.960751 1
3.199991 8.960765 1
3.399999 8.960769 1
3.600000 8.960770 1
3.800000 8.960770 1
4.000000 8.960770 1
4.200000 8.960770 1
4.400000 8.960770 1
4.600000 8.960770 1
4.800000 8.960770 1
5.000000 8.960770 1
5.200000 8.960770 1
5.400000 8.960770 1
5.600000 8.960770 1
5.800000 8.960770 1
6.000000 8.960770 1
6.200000 8.960770 1
6.400000 8.960770 1
6.600000 8.960770 1
6.800004 8.960769 1
7.000021 8.960766 1
7.200076 8.960763 1
7.400211 8.960773 1
7.600489 8.960849 2
1.212436 4.700000 2
1.212436 4.900000 1
1.212436 5.100000 1
1.212436 5.300000 1
1.212436 5.500000 1
1.212436 5.700000 1
1.212436 5.900000 1
1.212436 6.100000 1
1.212436 6.300000 1
1.212436 6.500001 1
1.212441 6.700006 1
1.212470 6.900021 1
1.212568 7.100065 1
1.212807 7.300199 1
1.213204 7.500542 1
1.213525 7.701184 1
1.213168 7.901902 1
1.211372 8.101635 1
1.208524 8.298485 1
1.207365 8.490920 1
1.198787 8.657331 1
1.289487 8.798874 1
1.491479 8.791008 1
1.693833 8.790569 1
1.894788 8.788484 1
2.096297 8.787249 1
2.297776 8.787024 1
2.498837 8.787168 1
2.699479 8.787353 1
2.899807 8.787477 1
3.099944 8.787536 1
3.299988 8.787558 1
3.499998 8.787563 1
3.700000 8.787564 1
3.900000 8.787564 1
4.100000 8.787564 1
4.300000 8.787564 1
4.500000 8.787564 1
4.700000 8.787564 1
4.900000 8.787564 1
5.100000 8.787564 1
5.300000 8.787564 1
5.500000 8.787564 1
5.700000 8.787564 1
5.900000 8.787564 1
6.100000 8.787564 1
6.300000 8.787564 1
6.500001 8.787563 1
6.700006 8.787560 1
6.900033 8.787551 1
7.100119 8.787532 1
7.300333 8.787510 1
7.500772 8.787518 1
7.701538 8.787665 2
1.385641 4.800000 1
1.385641 5.000000 1
1.385641 5.200000 1
1.385641 5.400000 1
1.385641 5.600000 1
1.385641 5.800000 1
1.385641 6.000000 1
1.385641 6.200000 1
1.385641 6.400003 1
1.385645 6.600013 1
1.385671 6.800036 1
1.385785 7.000087 1
1.386127 7.200213 1
1.386880 7.400575 1
1.388046 7.601508 1
1.388889 7.803306 1
1.387798 8.005581 1
1.382062 8.205519 1
1.373500 8.398758 1
1.381267 8.605203 1
1.592447 8.622175 1
1.789969 8.617206 1
1.991925 8.613585 1
2.194823 8.613128 1
2.396979 8.613378 1
2.598446 8.613739 1
2.799324 8.614036 1
2.999760 8.614221 1
3.199934 8.614312 1
3.399987 8.614347 1
3.599998 8.614357 1
3.800000 8.614359 1
4.000000 8.614359 1
4.200000 8.614359 1
4.400000 8.614359 1
4.600000 8.614359 1
4.800000 8.614359 1
5.000000 8.614359 1
5.200000 8.614359 1
5.400000 8.614359 1
5.600000 8.614359 1
5.800000 8.614359 1
6.000000 8.614359 1
6.200000 8.614359 1
6.400001 8.614357 1
6.600008 8.614349 1
6.800041 8.614325 1
7.000158 8.614272 1
7.200464 8.614189 1
7.401100 8.614105 1
7.602202 8.614091 1
7.803920 8.614282 1
7.902682 8.788234 2
1.385641 4.600000 2
8.006411 8.615168 2
1.558846 4.700000 2
1.558846 4.900000 1
1.558846 5.100000 1
1.558846 5.300000 1
1.558846 5.500000 1
1.558846 5.700000 1
1.558846 5.900000 1
1.558846 6.100001 1
1.558845 6.300006 1
1.558846 6.500023 1
1.558861 6.700066 1
1.558951 6.900141 1
1.559287 7.100255 1
1.560212 7.300487 1
1.562179 7.501207 1
1.565275 7.703406 1
1.567110 7.907842 1
1.565199 8.115053 1
1.546206 8.315174 1
1.515137 8.478414 1
1.681332 8.452022 1
1.883240 8.437768 1
2.089862 8.438546 1
2.293504 8.439113 1
2.496213 8.439630 1
2.698119 8.440176 1
2.899234 8.440637 1
3.099753 8.440932 1
3.299941 8.441079 1
3.499990 8.441135 1
3.699999 8.441151 1
3.900000 8.441154 1
4.100000 8.441154 1
4.300000 8.441154 1
4.500000 8.441154 1
4.700000 8.441154 1
4.900000 8.441154 1
5.100000 8.441154 1
5.300000 8.441154 1
5.500000 8.441154 1
5.700000 8.441154 1
5.900000 8.441154 1
6.100000 8.441154 1
6.300001 8.441152 1
6.500006 8.441138 1
6.700037 8.441092 1
6.900167 8.440974 1
7.100551 8.440766 1
7.301406 8.440505 1
7.502907 8.440312 1
7.705102 8.440290 1
7.908232 8.440257 2
1.732051 4.800000 2
1.732051 5.000000 1
1.732051 5.200000 1
1.732051 5.400000 1
1.732051 5.600000 1
1.732051 5.800000 1
1.732051 6.000001 1
1.732049 6.200009 1
1.732046 6.400037 1
1.732044 6.600110 1
1.732081 6.800243 1
1.732294 7.000411 1
1.733050 7.200540 1
1.735063 7.400663 1
1.739484 7.601478 1
1.748008 7.806480 1
1.749123 8.015097 1
1.759415 8.243134 1
1.984877 8.263465 1
2.188312 8.264641 1
2.392163 8.264791 1
2.595653 8.265425 1
2.798052 8.266356 1
2.999314 8.267144 1
3.199824 8.267626 1
3.399973 8.267846 1
3.600001 8.267923 1
3.800002 8.267944 1
4.000000 8.267949 1
4.200000 8.267949 1
4.400000 8.267949 1
4.600000 8.267949 1
4.800000 8.267949 1
5.000000 8.267949 1
5.200000 8.267949 1
5.400000 8.267949 1
5.600000 8.267949 1
5.800000 8.267949 1
6.000000 8.267950 1
6.200001 8.267948 1
6.400003 8.267935 1
6.600019 8.267870 1
6.800119 8.267676 1
7.000500 8.267258 1
7.201506 8.266623 1
7.403491 8.265994 1
7.606437 8.265835 1
7.809722 8.266250 1
8.012724 8.265565 2
1.905256 4.900000 2
1.905256 5.100000 1
1.905256 5.300000 1
1.905256 5.500000 1
1.905256 5.700000 1
1.905255 5.900002 1
1.905252 6.100012 1
1.905241 6.300050 1
1.905221 6.500155 1
1.905201 6.700376 1
1.905248 6.900702 1
1.905595 7.100961 1
1.906852 7.300796 1
1.910262 7.499844 1
1.918193 7.697887 1
1.950637 7.914224 1
1.905195 8.105431 1
2.081671 8.092043 1
2.285515 8.089336 1
2.491219 8.088972 1
2.695870 8.090572 1
2.898513 8.092359 1
3.099648 8.093670 1
3.299981 8.094345 1
3.500030 8.094620 1
3.700018 8.094711 1
3.900006 8.094737 1
4.100001 8.094743 1
4.300000 8.094744 1
4.500000 8.094744 1
4.700000 8.094744 1
4.900000 8.094744 1
5.100000 8.094744 1
5.300000 8.094744 1
5.500000 8.094744 1
5.700000 8.094745 1
5.900001 8.094746 1
6.100003 8.094748 1
6.300003 8.094746 1
6.499997 8.094692 1
6.700018 8.094465 1
6.900240 8.093843 1
7.101136 8.092621 1
7.303385 8.091028 1
7.507507 8.089787 1
7.712632 8.090658 1
7.916001 8.093883 1
8.092253 8.107602 1
8.238058 8.245457 2
8.248485 8.017168 2
8.047065 7.915984 2
2.078461 5.000000 2
2.078461 5.200000 1
2.078461 5.400000 1
2.078461 5.600000 1
2.078460 5.800002 1
2.078453 6.000012 1
2.078431 6.200055 1
2.078385 6.400184 1
2.078314 6.600483 1
2.078237 6.801019 1
2.078204 7.001676 1
2.078452 7.201922 1
2.079786 7.400774 1
2.083716 7.597122 1
2.078538 7.767920 1
2.174426 7.914770 1
2.383395 7.908900 1
2.592511 7.912008 1
2.797459 7.915435 1
2.999648 7.918645 1
3.200182 7.920352 1
3.400192 7.921098 1
3.600108 7.921392 1
3.800045 7.921496 1
4.000014 7.921528 1
4.200003 7.921536 1
4.400000 7.921538 1
4.600000 7.921539 1
4.800000 7.921539 1
5.000000 7.921539 1
5.200000 7.921539 1
5.400000 7.921539 1
5.600000 7.921539 1
5.800000 7.921542 1
6.000003 7.921551 1
6.200006 7.921570 1
6.399990 7.921570 1
6.599923 7.921422 1
6.799852 7.920802 1
7.000161 7.919147 1
7.201972 7.915965 1
7.406426 7.912672 1
7.615009 7.909873 1
7.823510 7.916173 1
7.919465 7.769210 1
8.079967 7.699140 2
7.914666 7.598018 1
8.088432 7.500603 2
8.092319 7.301176 2
7.919014 7.401294 1
7.920671 7.202161 2
2.251666 5.100000 2
2.251666 5.300000 2
2.251666 5.500000 1
2.251665 5.700000 1
2.251654 5.900009 1
2.251617 6.100050 1
2.251531 6.300183 1
2.251385 6.500513 1
2.251218 6.701183 1
2.251061 6.902292 1
2.250695 7.103502 1
2.250006 7.303535 1
2.250219 7.500392 1
2.266146 7.714409 1
2.489129 7.730742 1
2.696465 7.733715 1
2.900723 7.741913 1
3.101047 7.745561 1
3.300744 7.747126 1
3.500437 7.747838 1
3.700216 7.748157 1
3.900084 7.748278 1
4.100024 7.748317 1
4.300004 7.748328 1
4.500000 7.748332 1
4.700000 7.748333 1
4.900000 7.748334 1
5.100000 7.748334 1
5.300000 7.748334 1
5.500000 7.748334 1
5.699999 7.748337 1
5.900002 7.748352 1
6.100009 7.748398 1
6.300004 7.748482 1
6.499908 7.748530 1
6.699587 7.748238 1
6.899025 7.746879 1
7.098901 7.743095 1
7.302651 7.734631 1
7.509539 7.731553 1
7.732167 7.715353 1
7.748335 7.501046 1
7.748656 7.303959 1
7.921124 7.001723 2
7.747915 7.103678 1
7.747567 6.902187 1
7.921262 6.800952 2
7.747691 6.700889 2
2.424873 5.400000 2
2.424874 5.600000 2
2.424864 5.800005 1
2.424814 6.000040 1
2.424676 6.200160 1
2.424412 6.400469 1
2.424063 6.601118 1
2.423835 6.802324 1
2.423895 7.004465 1
2.422534 7.206843 1
2.418560 7.406425 1
2.403279 7.577728 1
2.592106 7.533823 1
2.806262 7.564362 1
3.003457 7.570261 1
3.202073 7.572492 1
3.401317 7.573784 1
3.600752 7.574581 1
3.800338 7.574939 1
4.000111 7.575061 1
4.200021 7.575100 1
4.399998 7.575116 1
4.599997 7.575124 1
4.799999 7.575128 1
5.000000 7.575129 1
5.200000 7.575129 1
5.400000 7.575129 1
5.599999 7.575131 1
5.800000 7.575148 1
6.000010 7.575214 1
6.200029 7.575380 1
6.399985 7.575666 1
6.599641 7.575929 1
6.798581 7.575597 1
6.996397 7.573352 1
7.192815 7.566543 1
7.406449 7.535078 1
7.595268 7.578503 1
7.579806 7.407219 1
7.575139 7.207515 1
7.573007 7.004591 1
7.573136 6.801752 1
7.573880 6.600250 2
2.598095 5.700013 2
2.598049 5.900046 1
2.597872 6.100151 1
2.597476 6.300423 1
2.596818 6.500985 1
2.596102 6.701903 1
2.596188 6.903456 1
2.598819 7.108148 1
2.593208 7.313585 1
2.737675 7.405842 1
2.907501 7.396818 1
3.104120 7.397239 1
3.303066 7.398692 1
3.502099 7.400577 1
3.701054 7.401469 1
3.900374 7.401756 1
4.100068 7.401834 1
4.299983 7.401870 1
4.499979 7.401898 1
4.699991 7.401915 1
4.899998 7.401922 1
5.100000 7.401924 1
5.300002 7.401923 1
5.500004 7.401923 1
5.700010 7.401937 1
5.900026 7.402008 1
6.100066 7.402225 1
6.300113 7.402696 1
6.499981 7.403486 1
6.699100 7.404406 1
6.896491 7.404594 1
7.091061 7.402380 1
7.260177 7.408800 1
7.404015 7.315458 1
7.395728 7.109600 1
7.396633 6.902971 1
7.398360 6.699879 1
7.400393 6.499015 2
2.771375 5.800104 2
2.771208 6.000234 1
2.770708 6.200493 1
2.769780 6.401011 1
2.768332 6.601799 1
2.766730 6.802329 1
2.767443 7.001482 1
2.789770 7.217824 1
3.004847 7.222243 1
3.205392 7.220417 1
3.405137 7.225986 1
3.602723 7.228052 1
3.800975 7.228528 1
4.000141 7.228550 1
4.199892 7.228564 1
4.399891 7.228621 1
4.599943 7.228674 1
4.799980 7.228704 1
4.999997 7.228715 1
5.200007 7.228717 1
5.400022 7.228714 1
5.600050 7.228718 1
5.800099 7.228773 1
6.000179 7.228998 1
6.200305 7.229566 1
6.400444 7.230638 1
6.600226 7.232457 1
6.798473 7.234999 1
6.993329 7.236845 1
7.204820 7.223364 1
7.218233 7.003456 1
7.218993 6.798610 1
7.225412 6.596582 1
7.227750 6.397942 2
2.944842 5.900488 2
2.944321 6.100876 2
2.943111 6.301359 1
2.941442 6.502273 1
2.938346 6.703360 1
2.933628 6.902309 1
2.919777 7.074007 1
3.103961 7.025118 1
3.312979 7.051863 1
3.506199 7.055682 1
3.702053 7.055967 1
3.900093 7.055463 1
4.099527 7.055203 1
4.299567 7.055236 1
4.499747 7.055355 1
4.699891 7.055447 1
4.899968 7.055492 1
5.100009 7.055508 1
5.300053 7.055508 1
5.500133 7.055498 1
5.700271 7.055514 1
5.900481 7.055684 1
6.100739 7.056276 1
6.301001 7.057511 1
6.501451 7.059349 1
6.701508 7.063075 1
6.898578 7.069412 1
7.067957 7.086519 1
7.022577 6.899694 1
7.050794 6.688996 1
7.055077 6.494744 1
7.055428 6.298376 2
3.117218 6.202582 2
3.114595 6.402964 1
3.113686 6.605107 1
3.105796 6.807573 1
3.246566 6.896933 1
3.411945 6.887214 1
3.603405 6.885714 1
3.799394 6.883211 2
3.998385 6.881881 2
4.198628 6.881684 2
4.399142 6.881866 2
4.599571 6.882074 2
4.799835 6.882210 1
4.999977 6.882277 1
5.200088 6.882298 1
5.400254 6.882287 1
5.600543 6.882260 1
5.801002 6.882306 1
6.001642 6.882720 1
6.202217 6.884153 1
6.402333 6.886526 1
6.604114 6.887469 1
6.805897 6.896061 1
6.895675 6.755200 1
6.886317 6.589180 1
6.884709 6.397314 1
6.881883 6.201017 1
7.054894 6.100076 2
7.054683 5.900492 2
6.880410 6.001700 1
6.880466 5.801201 1
7.054866 5.700380 2
6.881126 5.600614 2
3.288837 6.306361 2
3.282647 6.503179 1
3.298705 6.713931 1
3.504291 6.721057 1
3.696660 6.713190 2
4.699407 6.708754 2
4.899822 6.708954 1
5.100086 6.709057 1
5.300387 6.709079 1
5.500879 6.709036 1
5.701659 6.708968 1
5.902831 6.709016 1
6.104554 6.709742 1
6.305386 6.713605 1
6.502120 6.718897 1
6.712865 6.702562 1
6.719636 6.496871 1
6.710800 6.304371 1
6.705265 6.105090 1
6.704589 5.903231 1
6.705859 5.701594 1
6.707357 5.500651 2
3.453721 6.414768 2
3.425761 6.579841 1
3.588941 6.549791 2
4.799354 6.535357 1
4.999966 6.535686 1
5.200480 6.535843 1
5.401215 6.535832 1
5.602376 6.535713 1
5.804008 6.535583 1
6.006344 6.535356 1
6.211658 6.534869 1
6.412555 6.549319 1
6.578311 6.575870 1
6.546807 6.413328 1
6.527711 6.214071 1
6.525961 6.007545 1
6.528104 5.803442 1
6.531502 5.601285 2
4.598332 6.534884 2
4.698299 6.361084 2
4.899611 6.361925 1
5.100480 6.362470 1
5.301454 6.362638 1
5.503009 6.362456 1
5.705275 6.362261 1
5.907762 6.362350 1
6.109875 6.361391 1
6.334133 6.341391 1
6.344007 6.114423 1
6.344969 5.906408 1
6.353383 5.701550 1
6.357897 5.500551 2
4.798958 6.187218 2
5.000427 6.188671 1
5.201601 6.189420 1
5.403275 6.189375 1
5.606243 6.188517 1
5.810252 6.188671 1
6.012845 6.191037 1
6.188544 6.204307 1
6.142501 6.014085 1
6.173831 5.798148 1
6.180956 5.599769 1
6.184464 5.400049 2
4.900598 6.013912 2
5.101937 6.015899 1
5.303375 6.016687 1
5.505675 6.015846 1
5.711651 6.011814 1
5.919065 6.015594 1
6.013193 5.868949 1
6.005376 5.697934 1
6.007524 5.499849 1
6.010387 5.299516 1
6.186517 5.199762 2
6.012669 5.099244 2
5.002956 5.841684 2
5.204089 5.843764 1
5.405334 5.844797 1
5.605592 5.842818 1
5.823790 5.818390 1
5.830368 5.601433 1
5.830495 5.399161 1
5.837409 5.197886 1
5.839147 4.999345 3
5.105484 5.669804 2
5.307206 5.672304 1
5.507359 5.675951 1
5.680120 5.688616 1
5.632827 5.502974 1
5.661818 5.291677 2
5.666818 5.097191 2
5.208943 5.495486 2
5.413343 5.502380 1
5.504851 5.359362 2
5.319131 5.306384 2
 0 1 2
 3 2 4
 5 6 3
 7 8 6
 9 10 8
 11 12 10
 13 14 12
 15 16 14
 17 18 16
 19 20 18
 21 22 20
 23 24 22
 25 26 24
 27 28 26
 29 30 28
 31 32 30
 33 34 32
 35 36 34
 37 38 36
 39 40 38
 41 42 40
 43 44 42
 45 46 44
 47 48 46
 49 50 48
 50 51 52
 51 53 52
 53 54 55
 55 56 57
 57 58 59
 59 60 61
 61 62 63
 63 64 65
 65 66 67
 67 68 69
 69 70 71
 71 72 73
 73 74 75
 75 76 77
 77 78 79
 79 80 81
 81 82 83
 83 84 85
 85 86 87
 87 88 89
 89 90 91
 91 92 93
 93 94 95
 95 96 97
 97 98 99
 99 100 101
 102 101 103
 104 105 102
 106 107 105
 108 109 107
 110 111 109
 112 113 111
 114 115 113
 116 117 115
 118 119 117
 120 121 119
 122 123 121
 0 124 1
 4 2 1
 4 5 3
 5 7 6
 7 9 8
 9 11 10
 11 13 12
 13 15 14
 15 17 16
 17 19 18
 19 21 20
 21 23 22
 23 25 24
 25 27 26
 27 29 28
 29 31 30
 31 33 32
 33 35 34
 35 37 36
 37 39 38
 39 41 40
 41 43 42
 43 45 44
 45 47 46
 47 49 48
 125 50 49
 51 50 125
 53 51 125
 54 56 55
 53 125 54
 56 58 57
 58 60 59
 60 62 61
 62 64 63
 64 66 65
 66 68 67
 68 70 69
 70 72 71
 72 74 73
 74 76 75
 76 78 77
 78 80 79
 80 82 81
 82 84 83
 84 86 85
 86 88 87
 88 90 89
 90 92 91
 92 94 93
 94 96 95
 96 98 97
 98 100 99
 100 103 101
 103 104 102
 104 106 105
 106 108 107
 108 110 109
 110 112 111
 112 114 113
 114 116 115
 116 118 117
 118 120 119
 120 122 121
 124 126 1
 4 1 127
 5 4 128
 7 5 129
 9 7 130
 11 9 131
 13 11 132
 15 13 133
 17 15 134
 19 17 135
 21 19 136
 23 21 137
 25 23 138
 27 25 139
 29 27 140
 31 29 141
 33 31 142
 35 33 143
 37 35 144
 39 37 145
 41 39 146
 43 41 147
 45 43 148
 47 45 149
 49 47 150
 49 54 125
 150 56 54
 56 151 58
 58 152 60
 60 153 62
 62 154 64
 64 155 66
 156 68 66
 68 157 70
 70 158 72
 72 159 74
 74 160 76
 76 161 78
 78 162 80
 80 163 82
 82 164 84
 84 165 86
 86 166 88
 88 167 90
 90 168 92
 92 169 94
 94 170 96
 96 171 98
 98 172 100
 100 173 103
 104 103 174
 106 104 175
 108 106 176
 110 108 177
 112 110 178
 114 112 179
 116 114 180
 118 116 181
 120 118 182
 122 120 183
 127 1 126
 128 4 127
 129 5 128
 130 7 129
 131 9 130
 132 11 131
 133 13 132
 134 15 133
 135 17 134
 136 19 135
 137 21 136
 138 23 137
 139 25 138
 140 27 139
 141 29 140
 142 31 141
 143 33 142
 144 35 143
 145 37 144
 146 39 145
 147 41 146
 148 43 147
 149 45 148
 150 47 149
 49 150 54
 151 56 150
 151 152 58
 152 153 60
 153 154 62
 154 155 64
 155 156 66
 157 68 156
 157 158 70
 158 159 72
 159 160 74
 160 161 76
 161 162 78
 162 163 80
 163 164 82
 164 165 84
 165 166 86
 166 167 88
 167 168 90
 168 169 92
 169 170 94
 170 171 96
 171 172 98
 172 173 100
 173 174 103
 175 104 174
 176 106 175
 177 108 176
 178 110 177
 179 112 178
 180 114 179
 181 116 180
 182 118 181
 183 120 182
 184 122 183
 185 127 126
 128 127 186
 129 128 187
 130 129 188
 131 130 189
 132 131 190
 133 132 191
 134 133 192
 135 134 193
 136 135 194
 137 136 195
 138 137 196
 139 138 197
 140 139 198
 141 140 199
 141 200 142
 143 142 201
 144 143 202
 145 144 203
 146 145 204
 147 146 205
 148 147 206
 207 149 148
 150 149 208
 150 208 151
 151 209 152
 152 210 153
 153 211 154
 154 212 155
 155 213 156
 156 214 157
 157 215 158
 216 159 158
 159 217 160
 160 218 161
 161 219 162
 162 220 163
 163 221 164
 164 222 165
 165 223 166
 166 224 167
 167 225 168
 168 226 169
 169 227 170
 170 228 171
 171 229 172
 172 230 173
 174 173 231
 175 174 232
 176 175 233
 234 177 176
 178 177 235
 179 178 236
 180 179 237
 181 180 238
 182 181 239
 183 182 240
 184 183 241
 242 185 126
 186 127 185
 187 128 186
 188 129 187
 189 130 188
 190 131 189
 191 132 190
 192 133 191
 193 134 192
 194 135 193
 195 136 194
 196 137 195
 197 138 196
 198 139 197
 199 140 198
 141 199 200
 201 142 200
 202 143 201
 203 144 202
 204 145 203
 205 146 204
 206 147 205
 206 207 148
 208 149 207
 151 208 209
 209 210 152
 210 211 153
 211 212 154
 212 213 155
 213 214 156
 214 215 157
 215 216 158
 217 159 216
 217 218 160
 218 219 161
 219 220 162
 220 221 163
 221 222 164
 222 223 165
 223 224 166
 224 225 167
 225 226 168
 226 227 169
 227 228 170
 228 229 171
 229 230 172
 230 231 173
 174 231 232
 233 175 232
 233 234 176
 235 177 234
 236 178 235
 237 179 236
 238 180 237
 239 181 238
 240 182 239
 241 183 240
 243 184 241
 185 242 244
 186 185 245
 187 186 246
 188 187 247
 189 188 248
 190 189 249
 191 190 250
 192 191 251
 193 192 252
 194 193 253
 195 194 254
 196 195 255
 197 196 256
 197 257 198
 199 198 258
 200 199 259
 201 200 260
 202 201 261
 203 202 262
 204 203 263
 205 204 264
 206 205 265
 207 206 266
 209 208 207
 209 267 210
 210 268 211
 269 212 211
 212 270 213
 213 271 214
 214 272 215
 273 216 215
 216 274 217
 217 275 218
 276 219 218
 219 277 220
 278 221 220
 221 279 222
 222 280 223
 223 281 224
 224 282 225
 225 283 226
 284 227 226
 227 285 228
 228 286 229
 229 287 230
 230 288 231
 232 231 289
 233 232 290
 291 234 233
 235 234 292
 236 235 293
 237 236 294
 238 237 295
 239 238 296
 240 239 297
 241 240 298
 243 241 299
 244 242 300
 245 185 244
 246 186 245
 247 187 246
 248 188 247
 249 189 248
 250 190 249
 251 191 250
 252 192 251
 253 193 252
 254 194 253
 255 195 254
 256 196 255
 197 256 257
 258 198 257
 259 199 258
 260 200 259
 261 201 260
 262 202 261
 263 203 262
 264 204 263
 265 205 264
 266 206 265
 209 207 266
 267 268 210
 209 266 267
 268 269 211
 270 212 269
 270 271 213
 271 272 214
 272 273 215
 274 216 273
 274 275 217
 275 276 218
 277 219 276
 277 278 220
 279 221 278
 279 280 222
 280 281 223
 281 282 224
 282 283 225
 283 284 226
 285 227 284
 285 286 228
 286 287 229
 287 288 230
 288 289 231
 232 289 290
 290 291 233
 292 234 291
 293 235 292
 294 236 293
 295 237 294
 296 238 295
 297 239 296
 298 240 297
 299 241 298
 301 243 299
 244 300 302
 245 244 303
 246 245 304
 247 246 305
 248 247 306
 249 248 307
 250 249 308
 251 250 309
 251 310 252
 253 252 311
 253 312 254
 254 313 255
 314 256 255
 257 256 315
 257 316 258
 259 258 317
 260 259 318
 261 260 319
 262 261 320
 262 321 263
 263 322 264
 265 264 323
 266 265 324
 324 268 267
 266 324 267
 268 325 269
 326 270 269
 327 271 270
 271 328 272
 272 329 273
 273 330 274
 274 331 275
 332 276 275
 276 333 277
 277 334 278
 335 279 278
 336 280 279
 280 337 281
 338 282 281
 282 339 283
 283 340 284
 284 341 285
 285 342 286
 286 343 287
 287 344 288
 345 289 288
 346 290 289
 347 291 290
 348 292 291
 293 292 349
 294 293 350
 295 294 351
 296 295 352
 296 353 297
 298 297 354
 299 298 355
 301 299 356
 302 300 357
 303 244 302
 304 245 303
 305 246 304
 306 247 305
 307 248 306
 308 249 307
 309 250 308
 251 309 310
 311 252 310
 253 311 312
 254 312 313
 313 314 255
 315 256 314
 257 315 316
 317 258 316
 318 259 317
 319 260 318
 320 261 319
 262 320 321
 263 321 322
 323 264 322
 324 265 323
 325 268 324
 325 326 269
 327 270 326
 328 271 327
 328 329 272
 329 330 273
 330 331 274
 331 332 275
 333 276 332
 333 334 277
 334 335 278
 336 279 335
 337 280 336
 337 338 281
 339 282 338
 339 340 283
 340 341 284
 341 342 285
 342 343 286
 343 344 287
 344 345 288
 346 289 345
 347 290 346
 347 348 291
 349 292 348
 350 293 349
 351 294 350
 352 295 351
 296 352 353
 354 297 353
 355 298 354
 356 299 355
 358 301 356
 359 302 357
 360 303 302
 304 303 361
 305 304 362
 305 363 306
 306 364 307
 365 308 307
 308 366 309
 309 367 310
 311 310 368
 312 311 369
 313 312 370
 313 371 314
 315 314 372
 316 315 373
 317 316 374
 318 317 375
 319 318 376
 319 377 320
 320 378 321
 321 379 322
 323 322 380
 324 323 381
 324 381 325
 325 382 326
 383 327 326
 328 327 384
 385 329 328
 329 386 330
 330 387 331
 331 388 332
 332 389 333
 333 390 334
 391 335 334
 335 392 336
 336 393 337
 337 394 338
 395 339 338
 396 340 339
 340 397 341
 398 342 341
 399 343 342
 343 400 344
 401 345 344
 345 402 346
 346 403 347
 348 347 404
 349 348 405
 349 406 350
 350 407 351
 352 351 408
 353 352 409
 354 353 410
 355 354 411
 356 355 412
 413 358 356
 359 360 302
 361 303 360
 362 304 361
 305 362 363
 306 363 364
 364 365 307
 308 365 366
 309 366 367
 368 310 367
 369 311 368
 370 312 369
 313 370 371
 372 314 371
 373 315 372
 374 316 373
 375 317 374
 376 318 375
 319 376 377
 320 377 378
 321 378 379
 380 322 379
 381 323 380
 325 381 382
 382 383 326
 384 327 383
 328 384 385
 386 329 385
 386 387 330
 387 388 331
 388 389 332
 389 390 333
 390 391 334
 392 335 391
 392 393 336
 393 394 337
 394 395 338
 396 339 395
 397 340 396
 397 398 341
 399 342 398
 400 343 399
 400 401 344
 402 345 401
 402 403 346
 403 404 347
 405 348 404
 349 405 406
 350 406 407
 408 351 407
 409 352 408
 410 353 409
 411 354 410
 412 355 411
 412 413 356
 413 414 358
 360 359 415
 361 360 416
 362 361 417
 362 418 363
 363 419 364
 420 365 364
 366 365 421
 367 366 422
 368 367 423
 369 368 424
 370 369 425
 426 371 370
 372 371 427
 428 373 372
 374 373 429
 375 374 430
 375 431 376
 432 377 376
 377 433 378
 378 434 379
 435 380 379
 381 380 382
 382 436 383
 437 384 383
 385 384 438
 386 385 439
 440 387 386
 387 441 388
 442 389 388
 389 443 390
 390 444 391
 391 445 392
 392 446 393
 447 394 393
 448 395 394
 395 449 396
 396 450 397
 397 451 398
 452 399 398
 453 400 399
 454 401 400
 455 402 401
 403 402 456
 404 403 457
 405 404 458
 406 405 459
 407 406 460
 407 461 408
 409 408 462
 410 409 463
 464 411 410
 465 412 411
 413 412 466
 414 413 467
 416 360 415
 417 361 416
 362 417 418
 363 418 419
 419 420 364
 421 365 420
 422 366 421
 423 367 422
 424 368 423
 425 369 424
 425 426 370
 427 371 426
 427 428 372
 429 373 428
 430 374 429
 375 430 431
 431 432 376
 377 432 433
 378 433 434
 434 435 379
 436 380 435
 382 380 436
 436 437 383
 438 384 437
 385 438 439
 386 439 440
 441 387 440
 441 442 388
 443 389 442
 443 444 390
 444 445 391
 445 446 392
 446 447 393
 448 394 447
 449 395 448
 449 450 396
 450 451 397
 451 452 398
 453 399 452
 454 400 453
 455 401 454
 456 402 455
 403 456 457
 404 457 458
 459 405 458
 460 406 459
 407 460 461
 462 408 461
 463 409 462
 463 464 410
 464 465 411
 466 412 465
 467 413 466
 467 468 414
 469 416 415
 470 417 416
 471 418 417
 419 418 472
 420 419 473
 421 420 474
 475 422 421
 476 423 422
 477 424 423
 425 424 478
 426 425 479
 427 426 480
 428 427 481
 482 429 428
 429 483 430
 484 431 430
 485 432 431
 486 433 432
 433 487 434
 435 434 488
 435 488 436
 488 437 436
 489 438 437
 439 438 490
 440 439 491
 441 440 492
 493 442 441
 442 494 443
 443 495 444
 444 496 445
 445 497 446
 446 498 447
 447 499 448
 448 500 449
 449 501 450
 502 451 450
 503 452 451
 452 504 453
 453 505 454
 454 506 455
 507 456 455
 456 508 457
 457 509 458
 458 510 459
 460 459 511
 512 461 460
 513 462 461
 514 463 462
 515 464 463
 464 516 465
 466 465 517
 467 466 518
 467 519 468
 468 520 521
 522 469 415
 469 470 416
 470 471 417
 472 418 471
 473 419 472
 474 420 473
 474 475 421
 475 476 422
 476 477 423
 478 424 477
 479 425 478
 480 426 479
 481 427 480
 481 482 428
 429 482 483
 483 484 430
 484 485 431
 485 486 432
 433 486 487
 488 434 487
 489 437 488
 490 438 489
 439 490 491
 440 491 492
 441 492 493
 494 442 493
 494 495 443
 495 496 444
 496 497 445
 497 498 446
 498 499 447
 499 500 448
 500 501 449
 501 502 450
 503 451 502
 504 452 503
 504 505 453
 505 506 454
 506 507 455
 508 456 507
 508 509 457
 509 510 458
 511 459 510
 511 512 460
 512 513 461
 513 514 462
 514 515 463
 464 515 516
 517 465 516
 518 466 517
 467 518 519
 468 519 520
 521 520 523
 524 469 522
 525 470 469
 471 470 526
 527 472 471
 528 473 472
 529 474 473
 530 475 474
 476 475 531
 477 476 532
 478 477 533
 479 478 534
 535 480 479
 480 536 481
 481 537 482
 482 538 483
 539 484 483
 540 485 484
 541 486 485
 486 542 487
 488 487 543
 488 543 489
 544 490 489
 491 490 545
 491 546 492
 493 492 547
 494 493 548
 549 495 494
 550 496 495
 496 551 497
 497 552 498
 553 499 498
 499 554 500
 500 555 501
 501 556 502
 502 557 503
 503 558 504
 504 559 505
 560 506 505
 506 561 507
 507 562 508
 563 509 508
 564 510 509
 511 510 565
 512 511 566
 513 512 567
 513 568 514
 569 515 514
 516 515 570
 516 571 517
 517 572 518
 573 519 518
 519 574 520
 523 520 575
 524 525 469
 526 470 525
 526 527 471
 527 528 472
 528 529 473
 529 530 474
 531 475 530
 532 476 531
 533 477 532
 534 478 533
 534 535 479
 480 535 536
 481 536 537
 482 537 538
 538 539 483
 539 540 484
 540 541 485
 486 541 542
 542 543 487
 543 544 489
 545 490 544
 491 545 546
 546 547 492
 493 547 548
 494 548 549
 550 495 549
 551 496 550
 551 552 497
 552 553 498
 554 499 553
 554 555 500
 555 556 501
 556 557 502
 557 558 503
 558 559 504
 559 560 505
 561 506 560
 561 562 507
 562 563 508
 564 509 563
 565 510 564
 566 511 565
 567 512 566
 513 567 568
 568 569 514
 570 515 569
 516 570 571
 517 571 572
 572 573 518
 519 573 574
 575 520 574
 524 576 525
 526 525 577
 578 527 526
 579 528 527
 529 528 580
 530 529 581
 531 530 582
 583 532 531
 533 532 584
 534 533 585
 535 534 586
 535 587 536
 536 588 537
 589 538 537
 590 539 538
 591 540 539
 592 541 540
 541 593 542
 542 544 543
 593 545 544
 546 545 594
 546 595 547
 547 596 548
 549 548 597
 550 549 598
 550 599 551
 600 552 551
 601 553 552
 553 602 554
 555 554 603
 604 556 555
 605 557 556
 606 558 557
 559 558 607
 559 608 560
 561 560 609
 562 561 610
 563 562 611
 564 563 612
 565 564 613
 614 566 565
 615 567 566
 568 567 616
 569 568 617
 569 618 570
 619 571 570
 620 572 571
 572 621 573
 622 574 573
 574 623 575
 577 525 576
 577 578 526
 578 579 527
 580 528 579
 581 529 580
 582 530 581
 582 583 531
 584 532 583
 585 533 584
 586 534 585
 535 586 587
 536 587 588
 588 589 537
 589 590 538
 590 591 539
 591 592 540
 541 592 593
 593 544 542
 594 545 593
 546 594 595
 595 596 547
 596 597 548
 549 597 598
 550 598 599
 599 600 551
 601 552 600
 602 553 601
 602 603 554
 555 603 604
 605 556 604
 606 557 605
 607 558 606
 559 607 608
 608 609 560
 561 609 610
 562 610 611
 563 611 612
 564 612 613
 565 613 614
 614 615 566
 616 567 615
 617 568 616
 569 617 618
 618 619 570
 619 620 571
 572 620 621
 621 622 573
 574 622 623
 575 623 624
 576 625 577
 577 626 578
 579 578 627
 579 628 580
 581 580 629
 582 581 630
 583 582 631
 583 632 584
 585 584 633
 585 634 586
 586 635 587
 587 636 588
 637 589 588
 590 589 638
 639 591 590
 591 640 592
 592 641 593
 641 594 593
 595 594 642
 595 643 596
 596 644 597
 597 645 598
 599 598 646
 600 599 647
 648 601 600
 601 649 602
 650 603 602
 651 604 603
 652 605 604
 605 653 606
 607 606 654
 655 608 607
 656 609 608
 609 657 610
 610 658 611
 611 659 612
 660 613 612
 661 614 613
 614 662 615
 616 615 663
 664 617 616
 665 618 617
 618 666 619
 619 667 620
 668 621 620
 621 669 622
 622 670 623
 623 671 624
 624 672 673
 672 674 673
 577 625 626
 627 578 626
 579 627 628
 629 580 628
 630 581 629
 631 582 630
 583 631 632
 633 584 632
 585 633 634
 586 634 635
 587 635 636
 636 637 588
 638 589 637
 638 639 590
 591 639 640
 640 641 592
 642 594 641
 595 642 643
 643 644 596
 644 645 597
 645 646 598
 599 646 647
 600 647 648
 649 601 648
 649 650 602
 651 603 650
 652 604 651
 653 605 652
 653 654 606
 607 654 655
 656 608 655
 657 609 656
 657 658 610
 658 659 611
 659 660 612
 661 613 660
 662 614 661
 663 615 662
 663 664 616
 664 665 617
 618 665 666
 619 666 667
 667 668 620
 621 668 669
 622 669 670
 623 670 671
 671 672 624
 672 675 674
 626 625 676
 626 677 627
 627 678 628
 629 628 679
 630 629 680
 631 630 681
 631 682 632
 632 683 633
 634 633 684
 634 685 635
 686 636 635
 637 636 687
 688 638 637
 639 638 689
 639 690 640
 640 642 641
 643 642 691
 643 692 644
 645 644 693
 645 694 646
 646 695 647
 648 647 696
 649 648 697
 698 650 649
 699 651 650
 700 652 651
 701 653 652
 653 702 654
 703 655 654
 704 656 655
 656 705 657
 657 706 658
 659 658 707
 660 659 708
 661 660 709
 661 710 662
 711 663 662
 663 712 664
 664 713 665
 665 714 666
 666 715 667
 667 716 668
 669 668 717
 669 718 670
 670 719 671
 671 675 672
 720 721 675
 722 723 721
 724 723 725
 626 676 677
 627 677 678
 679 628 678
 680 629 679
 681 630 680
 631 681 682
 632 682 683
 684 633 683
 634 684 685
 685 686 635
 687 636 686
 687 688 637
 689 638 688
 639 689 690
 690 691 640
 691 642 640
 643 691 692
 692 693 644
 645 693 694
 694 695 646
 695 696 647
 648 696 697
 649 697 698
 699 650 698
 700 651 699
 701 652 700
 702 653 701
 702 703 654
 704 655 703
 705 656 704
 705 706 657
 706 707 658
 659 707 708
 660 708 709
 661 709 710
 710 711 662
 663 711 712
 664 712 713
 665 713 714
 666 714 715
 667 715 716
 717 668 716
 669 717 718
 670 718 719
 719 675 671
 719 720 675
 722 721 720
 725 723 722
 724 725 726
 677 676 727
 677 728 678
 679 678 729
 679 730 680
 681 680 731
 682 681 732
 682 733 683
 683 734 684
 685 684 735
 736 686 685
 686 737 687
 687 738 688
 689 688 739
 740 690 689
 691 690 740
 692 691 740
 692 741 693
 694 693 742
 695 694 743
 695 744 696
 696 745 697
 746 698 697
 747 699 698
 699 748 700
 700 749 701
 702 701 750
 751 703 702
 752 704 703
 753 705 704
 705 754 706
 706 755 707
 707 756 708
 708 757 709
 710 709 758
 710 759 711
 711 760 712
 712 761 713
 713 762 714
 714 763 715
 715 764 716
 765 717 716
 718 717 766
 718 767 719
 767 720 719
 767 722 720
 768 725 722
 726 725 769
 770 726 771
 772 773 770
 677 727 728
 729 678 728
 679 729 730
 731 680 730
 732 681 731
 682 732 733
 683 733 734
 735 684 734
 735 736 685
 686 736 737
 687 737 738
 739 688 738
 739 740 689
 692 740 741
 741 742 693
 694 742 743
 695 743 744
 744 745 696
 745 746 697
 747 698 746
 748 699 747
 748 749 700
 749 750 701
 702 750 751
 752 703 751
 753 704 752
 754 705 753
 754 755 706
 755 756 707
 756 757 708
 757 758 709
 710 758 759
 759 760 711
 712 760 761
 713 761 762
 714 762 763
 715 763 764
 764 765 716
 766 717 765
 718 766 767
 768 722 767
 769 725 768
 726 769 771
 770 771 772
 774 773 772
 729 728 775
 730 729 776
 730 777 731
 731 778 732
 733 732 779
 734 733 780
 781 735 734
 782 736 735
 783 737 736
 784 738 737
 785 739 738
 786 740 739
 741 740 786
 741 787 742
 743 742 788
 744 743 789
 745 744 790
 746 745 791
 746 792 747
 747 793 748
 794 749 748
 795 750 749
 796 751 750
 751 797 752
 752 798 753
 754 753 799
 755 754 800
 756 755 801
 756 802 757
 757 803 758
 758 804 759
 759 805 760
 760 806 761
 761 807 762
 762 808 763
 809 764 763
 810 765 764
 765 811 766
 766 812 767
 812 768 767
 813 769 768
 769 814 771
 772 771 815
 774 772 816
 776 729 775
 730 776 777
 731 777 778
 779 732 778
 780 733 779
 780 781 734
 781 782 735
 782 783 736
 783 784 737
 784 785 738
 786 739 785
 741 786 787
 787 788 742
 743 788 789
 744 789 790
 745 790 791
 746 791 792
 792 793 747
 793 794 748
 795 749 794
 796 750 795
 797 751 796
 797 798 752
 798 799 753
 754 799 800
 755 800 801
 756 801 802
 802 803 757
 803 804 758
 804 805 759
 805 806 760
 761 806 807
 762 807 808
 808 809 763
 809 810 764
 765 810 811
 811 812 766
 813 768 812
 814 769 813
 814 815 771
 772 815 816
 774 816 817
 818 777 776
 778 777 819
 820 779 778
 779 821 780
 822 781 780
 781 823 782
 824 783 782
 825 784 783
 785 784 826
 786 785 787
 787 827 788
 788 828 789
 790 789 829
 791 790 830
 791 831 792
 832 793 792
 793 833 794
 794 834 795
 796 795 835
 797 796 836
 837 798 797
 799 798 838
 799 839 800
 800 840 801
 801 841 802
 803 802 842
 804 803 843
 804 844 805
 805 845 806
 846 807 806
 847 808 807
 848 809 808
 849 810 809
 810 850 811
 813 812 811
 814 813 851
 815 814 852
 853 816 815
 816 854 817
 819 777 818
 819 820 778
 779 820 821
 821 822 780
 781 822 823
 823 824 782
 824 825 783
 826 784 825
 785 826 787
 827 828 788
 826 827 787
 828 829 789
 790 829 830
 791 830 831
 831 832 792
 833 793 832
 833 834 794
 834 835 795
 796 835 836
 797 836 837
 838 798 837
 799 838 839
 839 840 800
 840 841 801
 841 842 802
 803 842 843
 804 843 844
 844 845 805
 845 846 806
 846 847 807
 847 848 808
 848 849 809
 810 849 850
 850 851 811
 851 813 811
 814 851 852
 815 852 853
 854 816 853
 854 855 817
 818 856 819
 819 857 820
 858 821 820
 821 859 822
 860 823 822
 861 824 823
 825 824 862
 863 826 825
 827 863 828
 827 826 863
 828 864 829
 829 865 830
 830 866 831
 832 831 867
 832 868 833
 834 833 869
 870 835 834
 835 871 836
 836 872 837
 838 837 873
 839 838 874
 875 840 839
 876 841 840
 877 842 841
 842 878 843
 843 879 844
 844 880 845
 846 845 881
 847 846 882
 848 847 883
 884 849 848
 885 850 849
 851 850 885
 852 851 885
 853 852 886
 887 854 853
 854 888 855
 819 856 857
 857 858 820
 821 858 859
 859 860 822
 860 861 823
 862 824 861
 862 863 825
 863 864 828
 864 865 829
 865 866 830
 866 867 831
 832 867 868
 868 869 833
 834 869 870
 871 835 870
 871 872 836
 872 873 837
 838 873 874
 839 874 875
 876 840 875
 877 841 876
 878 842 877
 878 879 843
 879 880 844
 880 881 845
 846 881 882
 883 847 882
 883 884 848
 884 885 849
 852 885 886
 853 886 887
 888 854 887
 888 889 855
 857 856 890
 857 891 858
 859 858 892
 893 860 859
 894 861 860
 862 861 895
 863 862 896
 863 896 864
 864 897 865
 865 898 866
 899 867 866
 867 900 868
 901 869 868
 869 902 870
 870 903 871
 904 872 871
 873 872 905
 873 906 874
 907 875 874
 908 876 875
 909 877 876
 878 877 910
 911 879 878
 880 879 912
 880 913 881
 881 914 882
 883 882 915
 883 916 884
 917 885 884
 886 885 917
 887 886 918
 887 919 888
 889 888 920
 857 890 891
 892 858 891
 892 893 859
 893 894 860
 895 861 894
 896 862 895
 864 896 897
 897 898 865
 898 899 866
 900 867 899
 900 901 868
 902 869 901
 902 903 870
 903 904 871
 905 872 904
 873 905 906
 906 907 874
 908 875 907
 909 876 908
 910 877 909
 878 910 911
 912 879 911
 880 912 913
 913 914 881
 914 915 882
 883 915 916
 916 917 884
 918 886 917
 887 918 919
 920 888 919
 921 889 920
 922 892 891
 923 893 892
 924 894 893
 925 895 894
 897 896 895
 897 926 898
 898 927 899
 900 899 928
 901 900 929
 901 930 902
 931 903 902
 932 904 903
 904 933 905
 934 906 905
 935 907 906
 936 908 907
 937 909 908
 938 910 909
 911 910 939
 940 912 911
 912 941 913
 942 914 913
 914 943 915
 915 944 916
 916 918 917
 945 919 918
 919 946 920
 920 947 921
 948 949 921
 950 949 951
 952 953 950
 922 923 892
 923 924 893
 924 925 894
 897 895 925
 926 927 898
 897 925 926
 927 928 899
 900 928 929
 901 929 930
 930 931 902
 932 903 931
 933 904 932
 933 934 905
 935 906 934
 936 907 935
 937 908 936
 938 909 937
 939 910 938
 911 939 940
 941 912 940
 941 942 913
 943 914 942
 943 944 915
 944 918 916
 944 945 918
 919 945 946
 920 946 947
 947 948 921
 951 949 948
 951 952 950
 953 952 954
 955 923 922
 924 923 956
 957 925 924
 957 927 926
 925 957 926
 927 958 928
 928 959 929
 933 960 934
 961 935 934
 962 936 935
 936 963 937
 937 964 938
 965 939 938
 966 940 939
 940 967 941
 941 968 942
 942 969 943
 970 944 943
 945 944 970
 945 970 946
 971 947 946
 948 947 972
 951 948 973
 951 974 952
 975 954 952
 956 923 955
 956 957 924
 958 927 957
 958 959 928
 960 961 934
 962 935 961
 963 936 962
 963 964 937
 964 965 938
 966 939 965
 967 940 966
 967 968 941
 968 969 942
 969 970 943
 970 971 946
 972 947 971
 973 948 972
 951 973 974
 974 975 952
 976 954 975
 977 956 955
 957 956 978
 957 978 958
 958 979 959
 960 980 961
 961 981 962
 962 982 963
 963 983 964
 964 984 965
 985 966 965
 966 986 967
 967 987 968
 988 969 968
 969 989 970
 989 971 970
 971 990 972
 972 991 973
 974 973 992
 975 974 993
 976 975 994
 978 956 977
 958 978 979
 980 960 995
 980 981 961
 981 982 962
 982 983 963
 983 984 964
 984 985 965
 986 966 985
 986 987 967
 987 988 968
 989 969 988
 971 989 990
 972 990 991
 992 973 991
 993 974 992
 994 975 993
 977 979 978
 980 995 996
 997 981 980
 982 981 998
 982 999 983
 983 1000 984
 985 984 1001
 1002 986 985
 986 1003 987
 987 1004 988
 989 988 990
 991 990 1004
 1005 992 991
 993 992 1006
 1007 994 993
 980 996 997
 998 981 997
 982 998 999
 999 1000 983
 1000 1001 984
 985 1001 1002
 1003 986 1002
 1003 1004 987
 1004 990 988
 1004 1005 991
 1006 992 1005
 1006 1007 993
 1008 994 1007
 997 996 1009
 1010 998 997
 1011 999 998
 1000 999 1012
 1001 1000 1013
 1001 1014 1002
 1002 1015 1003
 1003 1016 1004
 1016 1005 1004
 1017 1006 1005
 1018 1007 1006
 1019 1008 1007
 997 1009 1010
 1011 998 1010
 1012 999 1011
 1000 1012 1013
 1001 1013 1014
 1014 1015 1002
 1015 1016 1003
 1016 1017 1005
 1017 1018 1006
 1018 1019 1007
 1019 1020 1008
 1021 1010 1009
 1010 1022 1011
 1011 1023 1012
 1013 1012 1024
 1014 1013 1025
 1015 1014 1026
 1017 1016 1015
 1027 1018 1017
 1028 1019 1018
 1029 1020 1019
 1030 1031 1020
 1022 1010 1021
 1022 1023 1011
 1023 1024 1012
 1013 1024 1025
 1014 1025 1026
 1015 1026 1017
 1026 1027 1017
 1027 1028 1018
 1028 1029 1019
 1029 1030 1020
 1032 1031 1030
 1021 1033 1022
 1022 1034 1023
 1023 1035 1024
 1036 1025 1024
 1026 1025 1037
 1026 1037 1027
 1027 1037 1028
 1029 1028 1038
 1039 1030 1029
 1032 1030 1040
 1033 1034 1022
 1034 1035 1023
 1035 1036 1024
 1037 1025 1036
 1038 1028 1037
 1038 1039 1029
 1040 1030 1039
 1041 1032 1040
 1034 1033 1042
 1035 1034 1043
 1044 1036 1035
 1045 1037 1036
 1038 1037 1045
 1039 1038 1046
 1047 1040 1039
 1048 1041 1040
 1034 1042 1043
 1035 1043 1044
 1045 1036 1044
 1046 1038 1045
 1046 1047 1039
 1047 1048 1040
 1043 1042 1049
 1044 1043 1050
 1046 1045 1044
 1051 1047 1046
 1043 1049 1050
 1044 1050 1046
 1050 1051 1046
 1050 1049 1052
 1050 1052 1051
 36
 1041 1032 1031 1020 1008 994 976 954 953 950 949 921 889 855 817 774 726 770 773 675 721 723 724 673 674 624 575 523 521 468 414 358 301 243 184 122
 43
 1052 1049 1051 1042 1048 1047 1033 1041 1021 1009 996 979 977 995 959 955 960 929 922 930 931 932 933 891 890 856 818 776 775 728 727 676 625 576 524 522 415 359 357 300 242 126 124
 0
