775 1440
0.000000 5.200000 0
0.000000 5.000000 0
0.173205 5.100000 2
0.173205 5.300000 1
0.000000 5.400000 0
0.173205 5.500000 1
0.000000 5.600000 0
0.173205 5.700000 1
0.000000 5.800000 0
0.173205 5.900000 1
0.000000 6.000000 0
0.173205 6.100000 1
0.000000 6.200000 0
0.173205 6.300000 1
0.000000 6.400000 0
0.173205 6.500000 1
0.000000 6.600000 0
0.173205 6.700000 1
0.000000 6.800000 0
0.173205 6.900000 1
0.000000 7.000000 0
0.173205 7.100000 1
0.000000 7.200000 0
0.173205 7.300000 1
0.000000 7.400000 0
0.173205 7.500000 1
0.000000 7.600000 0
0.173205 7.699999 1
0.000000 7.800000 0
0.173210 7.899996 1
0.000000 8.000000 0
0.173231 8.100002 1
0.000000 8.200000 0
0.173282 8.300057 1
0.000000 8.400000 0
0.173355 8.500252 1
0.000000 8.600000 0
0.173396 8.700693 1
0.000000 8.800000 0
0.173305 8.901406 1
0.000000 9.000000 0
0.173112 9.102262 1
0.000000 9.200000 0
0.173339 9.303297 1
0.000000 9.400000 0
0.175066 9.506494 1
0.000000 9.600000 0
0.164370 9.702746 1
0.000000 9.800000 0
0.087359 9.912414 1
0.000000 10.000000 0
0.200000 10.000000 0
0.295277 9.833226 1
0.400000 10.000000 0
0.491419 9.819784 1
0.600000 10.000000 0
0.696277 9.819970 1
0.800000 10.000000 0
0.898880 9.822006 1
1.000000 10.000000 0
1.099898 9.824569 1
1.200000 10.000000 0
1.300002 9.825985 1
1.400000 10.000000 0
1.499953 9.826576 1
1.600000 10.000000 0
1.699943 9.826763 1
1.800000 10.000000 0
1.899964 9.826800 1
2.000000 10.000000 0
2.099984 9.826799 1
2.200000 10.000000 0
2.299995 9.826796 1
2.400000 10.000000 0
2.499999 9.826795 1
2.600000 10.000000 0
2.700000 9.826795 1
2.800000 10.000000 0
2.900000 9.826795 1
3.000000 10.000000 0
3.100000 9.826795 1
3.200000 10.000000 0
3.300000 9.826795 1
3.400000 10.000000 0
3.500000 9.826795 1
3.600000 10.000000 0
3.700000 9.826795 1
3.800000 10.000000 0
3.900000 9.826795 1
4.000000 10.000000 0
4.100000 9.826795 1
4.200000 10.000000 0
4.300000 9.826795 1
4.400000 10.000000 0
4.500000 9.826795 1
4.600000 10.000000 0
4.700000 9.826795 1
4.800000 10.000000 0
4.900000 9.826795 1
5.000000 10.000000 0
5.200000 10.000000 0
5.100000 9.826795 2
0.149413 9.849668 1
0.346410 5.200000 1
0.346410 5.400000 1
0.346410 5.600000 1
0.346410 5.800000 1
0.346410 6.000000 1
0.346410 6.200000 1
0.346410 6.400000 1
0.346410 6.600000 1
0.346410 6.800000 1
0.346410 7.000000 1
0.346410 7.200000 1
0.346410 7.400000 1
0.346408 7.599998 1
0.346411 7.799990 1
0.346439 7.999973 1
0.346539 8.199990 1
0.346761 8.400186 1
0.347051 8.600819 1
0.347170 8.802126 1
0.346724 9.003945 1
0.345804 9.205498 1
0.346365 9.405966 1
0.366420 9.627176 1
0.590643 9.638189 1
0.797026 9.639455 1
1.000504 9.647519 1
1.200404 9.651418 1
1.400005 9.653032 1
1.599845 9.653549 1
1.799859 9.653640 1
1.999921 9.653622 1
2.199967 9.653599 1
2.399989 9.653590 1
2.599997 9.653589 1
2.799999 9.653589 1
3.000000 9.653590 1
3.200000 9.653590 1
3.400000 9.653590 1
3.600000 9.653590 1
3.800000 9.653590 1
4.000000 9.653590 1
4.200000 9.653590 1
4.400000 9.653590 1
4.600000 9.653590 1
4.800000 9.653590 1
5.000000 9.653590 2
0.346410 5.000000 2
0.519615 5.100000 2
0.519615 5.300000 1
0.519615 5.500000 1
0.519615 5.700000 1
0.519615 5.900000 1
0.519615 6.100000 1
0.519615 6.300000 1
0.519615 6.500000 1
0.519615 6.700000 1
0.519615 6.900000 1
0.519615 7.100000 1
0.519615 7.300002 1
0.519613 7.500002 1
0.519607 7.699993 1
0.519617 7.899950 1
0.519721 8.099868 1
0.520078 8.299863 1
0.520832 8.500332 1
0.521715 8.701867 1
0.522033 8.904896 1
0.520167 9.108484 1
0.516094 9.309842 1
0.502026 9.483924 1
0.691279 9.438541 1
0.905519 9.469888 1
1.102293 9.477044 1
1.300466 9.479819 1
1.499710 9.480616 1
1.699596 9.480661 1
1.899716 9.480534 1
2.099850 9.480433 1
2.299935 9.480390 1
2.499976 9.480380 1
2.699993 9.480382 1
2.899999 9.480384 1
3.100000 9.480385 1
3.300000 9.480385 1
3.500000 9.480385 1
3.700000 9.480385 1
3.900000 9.480385 1
4.100000 9.480385 1
4.300000 9.480385 1
4.500000 9.480385 1
4.700000 9.480385 1
4.900000 9.480385 1
5.100000 9.480385 2
0.692820 5.200000 1
0.692820 5.400000 1
0.692820 5.600000 1
0.692820 5.800000 1
0.692820 6.000000 1
0.692820 6.200000 1
0.692820 6.400000 1
0.692820 6.600000 1
0.692820 6.800000 1
0.692822 7.000001 1
0.692824 7.200005 1
0.692827 7.400013 1
0.692819 7.600022 1
0.692793 7.799987 1
0.692804 7.999825 1
0.693086 8.199495 1
0.694128 8.399289 1
0.696392 8.600256 1
0.698498 8.803503 1
0.699922 9.010504 1
0.692332 9.217192 1
0.837106 9.311172 1
1.006657 9.305138 1
1.201722 9.308072 1
1.399538 9.308581 1
1.599009 9.308180 1
1.799177 9.307693 1
1.999483 9.307365 1
2.199725 9.307206 1
2.399874 9.307160 1
2.599952 9.307162 1
2.799986 9.307173 1
2.999997 9.307178 1
3.200000 9.307179 1
3.400000 9.307179 1
3.600000 9.307179 1
3.800000 9.307179 1
4.000000 9.307179 1
4.200000 9.307179 1
4.400000 9.307179 1
4.600000 9.307179 1
4.800000 9.307179 1
5.000000 9.307179 1
0.692820 5.000000 2
5.200000 9.307179 2
0.866025 5.100000 2
0.866025 5.300000 1
0.866025 5.500000 1
0.866025 5.700000 1
0.866025 5.900000 1
0.866025 6.100000 1
0.866025 6.300000 1
0.866025 6.500000 1
0.866026 6.700000 1
0.866029 6.900002 1
0.866039 7.100008 1
0.866061 7.300032 1
0.866084 7.500082 1
0.866058 7.700128 1
0.865936 7.900033 1
0.865847 8.099525 1
0.866400 8.298420 1
0.868979 8.497291 1
0.875921 8.699565 1
0.877405 8.904689 1
0.891755 9.125154 1
1.103856 9.139504 1
1.299141 9.138507 1
1.497783 9.136682 1
1.697985 9.135341 1
1.898566 9.134526 1
2.099104 9.134078 1
2.299514 9.133916 1
2.499775 9.133906 1
2.699914 9.133938 1
2.899974 9.133962 1
3.099994 9.133972 1
3.299999 9.133974 1
3.500000 9.133975 1
3.700000 9.133975 1
3.900000 9.133975 1
4.100000 9.133975 1
4.300000 9.133975 1
4.500000 9.133975 1
4.700000 9.133975 1
4.900000 9.133975 1
5.100000 9.133975 2
1.039230 5.200000 1
1.039230 5.400000 1
1.039230 5.600000 1
1.039230 5.800000 1
1.039230 6.000000 1
1.039230 6.200000 1
1.039230 6.400000 1
1.039231 6.600001 1
1.039236 6.800003 1
1.039256 7.000013 1
1.039316 7.200050 1
1.039425 7.400152 1
1.039524 7.600350 1
1.039431 7.800554 1
1.038928 8.000355 1
1.038239 8.198991 1
1.038748 8.395752 1
1.043566 8.590389 1
1.072745 8.801568 1
1.028295 8.988511 1
1.197861 8.972159 1
1.395215 8.966660 1
1.595684 8.963572 1
1.796708 8.962122 1
1.997642 8.961090 1
2.198525 8.960625 1
2.399208 8.960560 1
2.599639 8.960635 1
2.799864 8.960711 1
2.999959 8.960751 1
3.199991 8.960765 1
3.399999 8.960769 1
3.600000 8.960770 1
3.800000 8.960770 1
4.000000 8.960770 1
4.200000 8.960770 1
4.400000 8.960770 1
4.600000 8.960770 1
4.800000 8.960770 1
5.000000 8.960770 1
1.039230 5.000000 2
5.200000 8.960770 2
1.212436 5.100000 2
1.212436 5.300000 1
1.212436 5.500000 1
1.212436 5.700000 1
1.212436 5.900000 1
1.212436 6.100000 1
1.212436 6.300000 1
1.212436 6.500001 1
1.212441 6.700006 1
1.212470 6.900021 1
1.212568 7.100065 1
1.212807 7.300199 1
1.213204 7.500542 1
1.213525 7.701184 1
1.213168 7.901902 1
1.211372 8.101635 1
1.208524 8.298485 1
1.207365 8.490920 1
1.198787 8.657331 1
1.289487 8.798874 1
1.491479 8.791008 1
1.693833 8.790569 1
1.894788 8.788484 1
2.096297 8.787249 1
2.297776 8.787024 1
2.498837 8.787168 1
2.699479 8.787353 1
2.899807 8.787477 1
3.099944 8.787536 1
3.299988 8.787558 1
3.499998 8.787563 1
3.700000 8.787564 1
3.900000 8.787564 1
4.100000 8.787564 1
4.300000 8.787564 1
4.500000 8.787564 1
4.700000 8.787564 1
4.900000 8.787564 1
5.100000 8.787564 1
5.300000 8.787564 2
1.385641 5.200000 2
1.385641 5.400000 1
1.385641 5.600000 1
1.385641 5.800000 1
1.385641 6.000000 1
1.385641 6.200000 1
1.385641 6.400003 1
1.385645 6.600013 1
1.385671 6.800036 1
1.385785 7.000087 1
1.386127 7.200213 1
1.386880 7.400575 1
1.388046 7.601508 1
1.388889 7.803306 1
1.387798 8.005581 1
1.382062 8.205519 1
1.373500 8.398758 1
1.381267 8.605203 1
1.592447 8.622175 1
1.789969 8.617206 1
1.991925 8.613585 1
2.194823 8.613128 1
2.396979 8.613378 1
2.598446 8.613739 1
2.799324 8.614036 1
2.999760 8.614221 1
3.199934 8.614312 1
3.399987 8.614347 1
3.599998 8.614357 1
3.800000 8.614359 1
4.000000 8.614359 1
4.200000 8.614359 1
4.400000 8.614359 1
4.600000 8.614359 1
4.800000 8.614359 1
5.000000 8.614359 1
5.200000 8.614359 2
1.558846 5.300000 2
1.558846 5.500000 1
1.558846 5.700000 1
1.558846 5.900000 1
1.558846 6.100001 1
1.558845 6.300006 1
1.558846 6.500023 1
1.558861 6.700066 1
1.558951 6.900141 1
1.559287 7.100255 1
1.560212 7.300487 1
1.562179 7.501207 1
1.565275 7.703406 1
1.567110 7.907842 1
1.565199 8.115053 1
1.546206 8.315174 1
1.515137 8.478414 1
1.681332 8.452022 1
1.883240 8.437768 1
2.089862 8.438546 1
2.293504 8.439113 1
2.496213 8.439630 1
2.698119 8.440176 1
2.899234 8.440637 1
3.099753 8.440932 1
3.299941 8.441079 1
3.499990 8.441135 1
3.699999 8.441151 1
3.900000 8.441154 1
4.100000 8.441154 1
4.300000 8.441154 1
4.500000 8.441154 1
4.700000 8.441154 1
4.900000 8.441154 1
5.100000 8.441154 1
5.300000 8.441154 2
1.732051 5.400000 1
1.732051 5.600000 1
1.732051 5.800000 1
1.732051 6.000001 1
1.732049 6.200009 1
1.732046 6.400037 1
1.732044 6.600110 1
1.732081 6.800243 1
1.732294 7.000411 1
1.733050 7.200540 1
1.735063 7.400663 1
1.739484 7.601478 1
1.748008 7.806480 1
1.749123 8.015097 1
1.759415 8.243134 1
1.984877 8.263465 1
2.188312 8.264641 1
2.392163 8.264791 1
2.595653 8.265425 1
2.798052 8.266356 1
2.999314 8.267144 1
3.199824 8.267626 1
3.399973 8.267846 1
3.600001 8.267923 1
3.800002 8.267944 1
4.000000 8.267949 1
4.200000 8.267949 1
4.400000 8.267949 1
4.600000 8.267949 1
4.800000 8.267949 1
5.000000 8.267949 1
5.200000 8.267949 1
1.732051 5.200000 2
5.400000 8.267949 2
1.905256 5.300000 2
1.905256 5.500000 1
1.905256 5.700000 1
1.905255 5.900002 1
1.905252 6.100012 1
1.905241 6.300050 1
1.905221 6.500155 1
1.905201 6.700376 1
1.905248 6.900702 1
1.905595 7.100961 1
1.906852 7.300796 1
1.910262 7.499844 1
1.918193 7.697887 1
1.950637 7.914224 1
1.905195 8.105431 1
2.081671 8.092043 1
2.285515 8.089336 1
2.491219 8.088972 1
2.695870 8.090572 1
2.898513 8.092359 1
3.099648 8.093670 1
3.299981 8.094345 1
3.500030 8.094620 1
3.700018 8.094711 1
3.900006 8.094737 1
4.100001 8.094743 1
4.300000 8.094744 1
4.500000 8.094744 1
4.700000 8.094744 1
4.900000 8.094744 1
5.100000 8.094744 1
5.300000 8.094744 2
2.078461 5.400000 1
2.078461 5.600000 1
2.078460 5.800002 1
2.078453 6.000012 1
2.078431 6.200055 1
2.078385 6.400184 1
2.078314 6.600483 1
2.078237 6.801019 1
2.078204 7.001676 1
2.078452 7.201922 1
2.079786 7.400774 1
2.083716 7.597122 1
2.078538 7.767920 1
2.174426 7.914770 1
2.383395 7.908900 1
2.592511 7.912008 1
2.797459 7.915435 1
2.999648 7.918645 1
3.200182 7.920352 1
3.400192 7.921098 1
3.600108 7.921392 1
3.800045 7.921496 1
4.000014 7.921528 1
4.200003 7.921536 1
4.400000 7.921538 1
4.600000 7.921539 1
4.800000 7.921539 1
5.000000 7.921539 1
5.200000 7.921539 1
2.078461 5.200000 2
5.400000 7.921539 2
2.251666 5.300000 1
2.251666 5.500000 1
2.251665 5.700000 1
2.251654 5.900009 1
2.251617 6.100050 1
2.251531 6.300183 1
2.251385 6.500513 1
2.251218 6.701183 1
2.251061 6.902292 1
2.250695 7.103502 1
2.250006 7.303535 1
2.250219 7.500392 1
2.266146 7.714409 1
2.489129 7.730742 1
2.696465 7.733715 1
2.900723 7.741913 1
3.101047 7.745561 1
3.300744 7.747126 1
3.500437 7.747838 1
3.700216 7.748157 1
3.900084 7.748278 1
4.100024 7.748317 1
4.300004 7.748328 1
4.500000 7.748332 1
4.700000 7.748333 1
4.900000 7.748334 1
5.100000 7.748334 1
5.300000 7.748334 2
2.251666 5.100000 2
2.424871 5.200000 2
2.424873 5.400000 1
2.424874 5.600000 1
2.424864 5.800005 1
2.424814 6.000040 1
2.424676 6.200160 1
2.424412 6.400469 1
2.424063 6.601118 1
2.423835 6.802324 1
2.423895 7.004465 1
2.422534 7.206843 1
2.418560 7.406425 1
2.403279 7.577728 1
2.592106 7.533823 1
2.806262 7.564362 1
3.003457 7.570261 1
3.202073 7.572492 1
3.401317 7.573784 1
3.600752 7.574581 1
3.800338 7.574939 1
4.000111 7.575061 1
4.200021 7.575100 1
4.399998 7.575116 1
4.599997 7.575124 1
4.799999 7.575128 1
5.000000 7.575129 1
5.200000 7.575129 2
2.598082 5.300001 1
2.598092 5.500003 1
2.598095 5.700013 1
2.598049 5.900046 1
2.597872 6.100151 1
2.597476 6.300423 1
2.596818 6.500985 1
2.596102 6.701903 1
2.596188 6.903456 1
2.598819 7.108148 1
2.593208 7.313585 1
2.737675 7.405842 1
2.907501 7.396818 1
3.104120 7.397239 1
3.303066 7.398692 1
3.502099 7.400577 1
3.701054 7.401469 1
3.900374 7.401756 1
4.100068 7.401834 1
4.299983 7.401870 1
4.499979 7.401898 1
4.699991 7.401915 1
4.899998 7.401922 1
5.100000 7.401924 1
2.598078 5.099999 2
5.300002 7.401923 2
2.771296 5.200000 2
2.771325 5.400011 1
2.771370 5.600039 1
2.771375 5.800104 1
2.771208 6.000234 1
2.770708 6.200493 1
2.769780 6.401011 1
2.768332 6.601799 1
2.766730 6.802329 1
2.767443 7.001482 1
2.789770 7.217824 1
3.004847 7.222243 1
3.205392 7.220417 1
3.405137 7.225986 1
3.602723 7.228052 1
3.800975 7.228528 1
4.000141 7.228550 1
4.199892 7.228564 1
4.399891 7.228621 1
4.599943 7.228674 1
4.799980 7.228704 1
4.999997 7.228715 1
5.200007 7.228717 2
2.944571 5.300014 1
2.944699 5.500071 1
2.944854 5.700213 1
2.944842 5.900488 1
2.944321 6.100876 1
2.943111 6.301359 1
2.941442 6.502273 1
2.938346 6.703360 1
2.933628 6.902309 1
2.919777 7.074007 1
3.103961 7.025118 1
3.312979 7.051863 1
3.506199 7.055682 1
3.702053 7.055967 1
3.900093 7.055463 1
4.099527 7.055203 1
4.299567 7.055236 1
4.499747 7.055355 1
4.699891 7.055447 1
4.899968 7.055492 1
5.100009 7.055508 2
2.944517 5.099982 2
3.117818 5.199984 2
3.118045 5.400070 1
3.118476 5.600294 1
3.118910 5.800822 1
3.118761 6.001706 1
3.117218 6.202582 1
3.114595 6.402964 1
3.113686 6.605107 1
3.105796 6.807573 1
3.246566 6.896933 1
3.411945 6.887214 1
3.603405 6.885714 1
3.799394 6.883211 1
3.998385 6.881881 1
4.198628 6.881684 1
4.399142 6.881866 1
4.599571 6.882074 1
4.799835 6.882210 1
4.999977 6.882277 1
5.200088 6.882298 2
3.291326 5.300003 1
3.292045 5.500215 1
3.293254 5.700898 1
3.294283 5.902485 1
3.293627 6.104989 1
3.288837 6.306361 1
3.282647 6.503179 1
3.298705 6.713931 1
3.504291 6.721057 1
3.696660 6.713190 1
3.895375 6.708621 1
4.096443 6.707893 1
4.297658 6.708089 1
4.498693 6.708449 1
4.699407 6.708754 1
4.899822 6.708954 1
5.100086 6.709057 2
3.291081 5.099869 2
3.464505 5.199877 2
3.465260 5.399986 1
3.467137 5.600390 1
3.470250 5.802162 1
3.472327 6.006245 1
3.471079 6.213562 1
3.453721 6.414768 1
3.425761 6.579841 1
3.588941 6.549791 1
3.787873 6.533646 1
3.992395 6.533657 1
4.194744 6.533955 1
4.396751 6.534371 1
4.598332 6.534884 1
4.799354 6.535357 1
4.999966 6.535686 2
3.638042 5.299843 1
3.639778 5.499630 1
3.644010 5.699929 1
3.652457 5.904323 1
3.653785 6.112446 1
3.664689 6.340184 1
3.888225 6.359203 1
4.090245 6.359823 1
4.293159 6.359688 1
4.496118 6.360181 1
4.698299 6.361084 1
4.899611 6.361925 2
3.637753 5.099737 2
3.810730 5.200062 1
3.811397 5.399538 1
3.814403 5.598020 1
3.822016 5.795403 1
3.854137 6.010942 1
3.809010 6.201818 1
3.984338 6.187819 1
4.187131 6.184612 1
4.392108 6.183928 1
4.596367 6.185392 1
4.798958 6.187218 2
3.811523 4.999689 2
3.983922 5.100821 2
3.982996 5.300550 1
3.983646 5.498712 1
3.987065 5.694353 1
3.981576 5.864599 1
4.076795 6.010706 1
4.284914 6.004316 1
4.493441 6.007114 1
4.698170 6.010512 1
4.900598 6.013912 2
4.155569 5.202445 1
4.153769 5.401451 1
4.153236 5.597424 1
4.168516 5.810633 1
4.390712 5.826420 1
4.597642 5.829285 1
4.801918 5.837666 2
4.158014 5.002370 2
4.329537 5.104638 2
4.326573 5.305268 1
4.321475 5.503583 1
4.305547 5.674067 1
4.494113 5.630286 1
4.707891 5.660985 1
4.905374 5.667368 2
4.503939 5.207926 1
4.496449 5.411569 1
4.640123 5.503543 1
4.809714 5.495664 2
4.502879 5.005909 2
4.676157 5.103004 2
4.693971 5.318064 2
4.673819 4.906794 3
4.857446 5.002383 3
 0 1 2
 3 4 0
 5 6 4
 7 8 6
 9 10 8
 11 12 10
 13 14 12
 15 16 14
 17 18 16
 19 20 18
 21 22 20
 23 24 22
 25 26 24
 27 28 26
 29 30 28
 31 32 30
 33 34 32
 35 36 34
 37 38 36
 39 40 38
 41 42 40
 43 44 42
 45 46 44
 47 48 46
 48 49 50
 49 51 50
 51 52 53
 53 54 55
 55 56 57
 57 58 59
 59 60 61
 61 62 63
 63 64 65
 65 66 67
 67 68 69
 69 70 71
 71 72 73
 73 74 75
 75 76 77
 77 78 79
 79 80 81
 81 82 83
 83 84 85
 85 86 87
 87 88 89
 89 90 91
 91 92 93
 93 94 95
 95 96 97
 97 98 99
 100 99 101
 2 3 0
 3 5 4
 5 7 6
 7 9 8
 9 11 10
 11 13 12
 13 15 14
 15 17 16
 17 19 18
 19 21 20
 21 23 22
 23 25 24
 25 27 26
 27 29 28
 29 31 30
 31 33 32
 33 35 34
 35 37 36
 37 39 38
 39 41 40
 41 43 42
 43 45 44
 45 47 46
 102 48 47
 49 48 102
 51 49 102
 52 54 53
 51 102 52
 54 56 55
 56 58 57
 58 60 59
 60 62 61
 62 64 63
 64 66 65
 66 68 67
 68 70 69
 70 72 71
 72 74 73
 74 76 75
 76 78 77
 78 80 79
 80 82 81
 82 84 83
 84 86 85
 86 88 87
 88 90 89
 90 92 91
 92 94 93
 94 96 95
 96 98 97
 98 101 99
 3 2 103
 5 3 104
 7 5 105
 9 7 106
 11 9 107
 13 11 108
 15 13 109
 17 15 110
 19 17 111
 21 19 112
 23 21 113
 25 23 114
 27 25 115
 29 27 116
 31 29 117
 33 31 118
 35 33 119
 37 35 120
 39 37 121
 41 39 122
 43 41 123
 45 43 124
 47 45 125
 47 52 102
 125 54 52
 54 126 56
 56 127 58
 58 128 60
 60 129 62
 62 130 64
 131 66 64
 66 132 68
 68 133 70
 70 134 72
 72 135 74
 74 136 76
 76 137 78
 78 138 80
 80 139 82
 82 140 84
 84 141 86
 86 142 88
 88 143 90
 90 144 92
 92 145 94
 94 146 96
 96 147 98
 98 148 101
 103 2 149
 104 3 103
 105 5 104
 106 7 105
 107 9 106
 108 11 107
 109 13 108
 110 15 109
 111 17 110
 112 19 111
 113 21 112
 114 23 113
 115 25 114
 116 27 115
 117 29 116
 118 31 117
 119 33 118
 120 35 119
 121 37 120
 122 39 121
 123 41 122
 124 43 123
 125 45 124
 47 125 52
 126 54 125
 126 127 56
 127 128 58
 128 129 60
 129 130 62
 130 131 64
 132 66 131
 132 133 68
 133 134 70
 134 135 72
 135 136 74
 136 137 76
 137 138 78
 138 139 80
 139 140 82
 140 141 84
 141 142 86
 142 143 88
 143 144 90
 144 145 92
 145 146 94
 146 147 96
 147 148 98
 103 149 150
 104 103 151
 105 104 152
 106 105 153
 107 106 154
 108 107 155
 109 108 156
 110 109 157
 111 110 158
 112 111 159
 113 112 160
 114 113 161
 115 114 162
 116 115 163
 116 164 117
 118 117 165
 119 118 166
 120 119 167
 121 120 168
 122 121 169
 123 122 170
 171 124 123
 125 124 172
 125 172 126
 126 173 127
 127 174 128
 128 175 129
 129 176 130
 130 177 131
 131 178 132
 132 179 133
 180 134 133
 134 181 135
 135 182 136
 136 183 137
 137 184 138
 138 185 139
 139 186 140
 140 187 141
 141 188 142
 142 189 143
 143 190 144
 144 191 145
 145 192 146
 146 193 147
 147 194 148
 151 103 150
 152 104 151
 153 105 152
 154 106 153
 155 107 154
 156 108 155
 157 109 156
 158 110 157
 159 111 158
 160 112 159
 161 113 160
 162 114 161
 163 115 162
 116 163 164
 165 117 164
 166 118 165
 167 119 166
 168 120 167
 169 121 168
 170 122 169
 170 171 123
 172 124 171
 126 172 173
 173 174 127
 174 175 128
 175 176 129
 176 177 130
 177 178 131
 178 179 132
 179 180 133
 181 134 180
 181 182 135
 182 183 136
 183 184 137
 184 185 138
 185 186 139
 186 187 140
 187 188 141
 188 189 142
 189 190 143
 190 191 144
 191 192 145
 192 193 146
 193 194 147
 194 195 148
 151 150 196
 152 151 197
 153 152 198
 154 153 199
 155 154 200
 156 155 201
 157 156 202
 158 157 203
 159 158 204
 160 159 205
 161 160 206
 161 207 162
 163 162 208
 164 163 209
 165 164 210
 166 165 211
 167 166 212
 168 167 213
 169 168 214
 170 169 215
 171 170 216
 173 172 171
 173 217 174
 174 218 175
 219 176 175
 176 220 177
 177 221 178
 178 222 179
 223 180 179
 180 224 181
 181 225 182
 226 183 182
 183 227 184
 228 185 184
 185 229 186
 186 230 187
 187 231 188
 188 232 189
 189 233 190
 234 191 190
 191 235 192
 192 236 193
 193 237 194
 194 238 195
 196 150 239
 197 151 196
 198 152 197
 199 153 198
 200 154 199
 201 155 200
 202 156 201
 203 157 202
 204 158 203
 205 159 204
 206 160 205
 161 206 207
 208 162 207
 209 163 208
 210 164 209
 211 165 210
 212 166 211
 213 167 212
 214 168 213
 215 169 214
 216 170 215
 173 171 216
 217 218 174
 173 216 217
 218 219 175
 220 176 219
 220 221 177
 221 222 178
 222 223 179
 224 180 223
 224 225 181
 225 226 182
 227 183 226
 227 228 184
 229 185 228
 229 230 186
 230 231 187
 231 232 188
 232 233 189
 233 234 190
 235 191 234
 235 236 192
 236 237 193
 237 238 194
 238 240 195
 196 239 241
 197 196 242
 198 197 243
 199 198 244
 200 199 245
 201 200 246
 201 247 202
 203 202 248
 203 249 204
 204 250 205
 251 206 205
 207 206 252
 207 253 208
 209 208 254
 210 209 255
 211 210 256
 212 211 257
 212 258 213
 213 259 214
 215 214 260
 216 215 261
 261 218 217
 216 261 217
 218 262 219
 263 220 219
 264 221 220
 221 265 222
 222 266 223
 223 267 224
 224 268 225
 269 226 225
 226 270 227
 227 271 228
 272 229 228
 273 230 229
 230 274 231
 275 232 231
 232 276 233
 233 277 234
 234 278 235
 235 279 236
 236 280 237
 237 281 238
 282 240 238
 242 196 241
 243 197 242
 244 198 243
 245 199 244
 246 200 245
 201 246 247
 248 202 247
 203 248 249
 204 249 250
 250 251 205
 252 206 251
 207 252 253
 254 208 253
 255 209 254
 256 210 255
 257 211 256
 212 257 258
 213 258 259
 260 214 259
 261 215 260
 262 218 261
 262 263 219
 264 220 263
 265 221 264
 265 266 222
 266 267 223
 267 268 224
 268 269 225
 270 226 269
 270 271 227
 271 272 228
 273 229 272
 274 230 273
 274 275 231
 276 232 275
 276 277 233
 277 278 234
 278 279 235
 279 280 236
 280 281 237
 281 282 238
 242 241 283
 242 284 243
 243 285 244
 286 245 244
 245 287 246
 246 288 247
 248 247 289
 249 248 290
 250 249 291
 250 292 251
 252 251 293
 253 252 294
 254 253 295
 255 254 296
 256 255 297
 256 298 257
 257 299 258
 258 300 259
 260 259 301
 261 260 302
 261 302 262
 262 303 263
 304 264 263
 265 264 305
 306 266 265
 266 307 267
 267 308 268
 268 309 269
 269 310 270
 270 311 271
 312 272 271
 272 313 273
 273 314 274
 274 315 275
 316 276 275
 317 277 276
 277 318 278
 319 279 278
 320 280 279
 280 321 281
 322 282 281
 283 241 323
 242 283 284
 243 284 285
 285 286 244
 245 286 287
 246 287 288
 289 247 288
 290 248 289
 291 249 290
 250 291 292
 293 251 292
 294 252 293
 295 253 294
 296 254 295
 297 255 296
 256 297 298
 257 298 299
 258 299 300
 301 259 300
 302 260 301
 262 302 303
 303 304 263
 305 264 304
 265 305 306
 307 266 306
 307 308 267
 308 309 268
 309 310 269
 310 311 270
 311 312 271
 313 272 312
 313 314 273
 314 315 274
 315 316 275
 317 276 316
 318 277 317
 318 319 278
 320 279 319
 321 280 320
 321 322 281
 324 282 322
 283 323 325
 283 326 284
 284 327 285
 328 286 285
 287 286 329
 288 287 330
 289 288 331
 290 289 332
 291 290 333
 334 292 291
 293 292 335
 336 294 293
 295 294 337
 296 295 338
 296 339 297
 340 298 297
 298 341 299
 299 342 300
 343 301 300
 302 301 303
 303 344 304
 345 305 304
 306 305 346
 307 306 347
 348 308 307
 308 349 309
 350 310 309
 310 351 311
 311 352 312
 312 353 313
 313 354 314
 355 315 314
 356 316 315
 316 357 317
 317 358 318
 318 359 319
 360 320 319
 361 321 320
 362 322 321
 363 324 322
 283 325 326
 284 326 327
 327 328 285
 329 286 328
 330 287 329
 331 288 330
 332 289 331
 333 290 332
 333 334 291
 335 292 334
 335 336 293
 337 294 336
 338 295 337
 296 338 339
 339 340 297
 298 340 341
 299 341 342
 342 343 300
 344 301 343
 303 301 344
 344 345 304
 346 305 345
 306 346 347
 307 347 348
 349 308 348
 349 350 309
 351 310 350
 351 352 311
 352 353 312
 353 354 313
 354 355 314
 356 315 355
 357 316 356
 357 358 317
 358 359 318
 359 360 319
 361 320 360
 362 321 361
 363 322 362
 364 324 363
 365 326 325
 327 326 366
 328 327 367
 329 328 368
 369 330 329
 370 331 330
 371 332 331
 333 332 372
 334 333 373
 335 334 374
 336 335 375
 376 337 336
 337 377 338
 378 339 338
 379 340 339
 380 341 340
 341 381 342
 343 342 382
 343 382 344
 382 345 344
 383 346 345
 347 346 384
 348 347 385
 349 348 386
 387 350 349
 350 388 351
 351 389 352
 352 390 353
 353 391 354
 354 392 355
 355 393 356
 356 394 357
 357 395 358
 396 359 358
 397 360 359
 360 398 361
 361 399 362
 362 400 363
 401 364 363
 366 326 365
 367 327 366
 368 328 367
 368 369 329
 369 370 330
 370 371 331
 372 332 371
 373 333 372
 374 334 373
 375 335 374
 375 376 336
 337 376 377
 377 378 338
 378 379 339
 379 380 340
 341 380 381
 382 342 381
 383 345 382
 384 346 383
 347 384 385
 348 385 386
 349 386 387
 388 350 387
 388 389 351
 389 390 352
 390 391 353
 391 392 354
 392 393 355
 393 394 356
 394 395 357
 395 396 358
 397 359 396
 398 360 397
 398 399 361
 399 400 362
 400 401 363
 402 366 365
 403 367 366
 404 368 367
 405 369 368
 370 369 406
 371 370 407
 372 371 408
 373 372 409
 410 374 373
 374 411 375
 375 412 376
 376 413 377
 414 378 377
 415 379 378
 416 380 379
 380 417 381
 382 381 418
 382 418 383
 419 384 383
 385 384 420
 385 421 386
 387 386 422
 388 387 423
 424 389 388
 425 390 389
 390 426 391
 391 427 392
 428 393 392
 393 429 394
 394 430 395
 395 431 396
 396 432 397
 397 433 398
 398 434 399
 435 400 399
 400 436 401
 402 403 366
 403 404 367
 404 405 368
 406 369 405
 407 370 406
 408 371 407
 409 372 408
 409 410 373
 374 410 411
 375 411 412
 376 412 413
 413 414 377
 414 415 378
 415 416 379
 380 416 417
 417 418 381
 418 419 383
 420 384 419
 385 420 421
 421 422 386
 387 422 423
 388 423 424
 425 389 424
 426 390 425
 426 427 391
 427 428 392
 429 393 428
 429 430 394
 430 431 395
 431 432 396
 432 433 397
 433 434 398
 434 435 399
 436 400 435
 436 437 401
 438 403 402
 404 403 439
 405 404 440
 406 405 441
 442 407 406
 408 407 443
 409 408 444
 410 409 445
 410 446 411
 411 447 412
 448 413 412
 449 414 413
 450 415 414
 451 416 415
 416 452 417
 417 419 418
 452 420 419
 421 420 453
 421 454 422
 422 455 423
 424 423 456
 425 424 457
 425 458 426
 459 427 426
 460 428 427
 428 461 429
 430 429 462
 463 431 430
 464 432 431
 465 433 432
 434 433 466
 434 467 435
 436 435 468
 437 436 469
 470 438 402
 439 403 438
 440 404 439
 441 405 440
 441 442 406
 443 407 442
 444 408 443
 445 409 444
 410 445 446
 411 446 447
 447 448 412
 448 449 413
 449 450 414
 450 451 415
 416 451 452
 452 419 417
 453 420 452
 421 453 454
 454 455 422
 455 456 423
 424 456 457
 425 457 458
 458 459 426
 460 427 459
 461 428 460
 461 462 429
 430 462 463
 464 431 463
 465 432 464
 466 433 465
 434 466 467
 467 468 435
 436 468 469
 437 469 471
 438 470 472
 438 473 439
 440 439 474
 441 440 475
 442 441 476
 442 477 443
 444 443 478
 444 479 445
 445 480 446
 446 481 447
 482 448 447
 449 448 483
 484 450 449
 450 485 451
 451 486 452
 486 453 452
 454 453 487
 454 488 455
 455 489 456
 456 490 457
 458 457 491
 459 458 492
 493 460 459
 460 494 461
 495 462 461
 496 463 462
 497 464 463
 464 498 465
 466 465 499
 500 467 466
 501 468 467
 468 502 469
 469 503 471
 438 472 473
 474 439 473
 475 440 474
 476 441 475
 442 476 477
 478 443 477
 444 478 479
 445 479 480
 446 480 481
 481 482 447
 483 448 482
 483 484 449
 450 484 485
 485 486 451
 487 453 486
 454 487 488
 488 489 455
 489 490 456
 490 491 457
 458 491 492
 459 492 493
 494 460 493
 494 495 461
 496 462 495
 497 463 496
 498 464 497
 498 499 465
 466 499 500
 501 467 500
 502 468 501
 502 503 469
 472 504 473
 474 473 505
 475 474 506
 476 475 507
 476 508 477
 477 509 478
 479 478 510
 479 511 480
 512 481 480
 482 481 513
 514 483 482
 484 483 515
 484 516 485
 485 487 486
 488 487 517
 488 518 489
 490 489 519
 490 520 491
 491 521 492
 493 492 522
 494 493 523
 524 495 494
 525 496 495
 526 497 496
 527 498 497
 498 528 499
 529 500 499
 530 501 500
 501 531 502
 502 532 503
 472 533 504
 505 473 504
 506 474 505
 507 475 506
 476 507 508
 477 508 509
 510 478 509
 479 510 511
 511 512 480
 513 481 512
 513 514 482
 515 483 514
 484 515 516
 516 517 485
 517 487 485
 488 517 518
 518 519 489
 490 519 520
 520 521 491
 521 522 492
 493 522 523
 494 523 524
 525 495 524
 526 496 525
 527 497 526
 528 498 527
 528 529 499
 530 500 529
 531 501 530
 531 532 502
 532 534 503
 533 535 504
 505 504 536
 505 537 506
 507 506 538
 508 507 539
 508 540 509
 509 541 510
 511 510 542
 543 512 511
 512 544 513
 513 545 514
 515 514 546
 547 516 515
 517 516 547
 518 517 547
 518 548 519
 520 519 549
 521 520 550
 521 551 522
 522 552 523
 553 524 523
 554 525 524
 525 555 526
 526 556 527
 528 527 557
 558 529 528
 559 530 529
 560 531 530
 531 561 532
 532 562 534
 533 563 535
 536 504 535
 505 536 537
 538 506 537
 539 507 538
 508 539 540
 509 540 541
 542 510 541
 542 543 511
 512 543 544
 513 544 545
 546 514 545
 546 547 515
 518 547 548
 548 549 519
 520 549 550
 521 550 551
 551 552 522
 552 553 523
 554 524 553
 555 525 554
 555 556 526
 556 557 527
 528 557 558
 559 529 558
 560 530 559
 561 531 560
 561 562 532
 535 563 564
 536 535 565
 537 536 566
 537 567 538
 538 568 539
 540 539 569
 541 540 570
 571 542 541
 572 543 542
 573 544 543
 574 545 544
 575 546 545
 576 547 546
 548 547 576
 548 577 549
 550 549 578
 551 550 579
 552 551 580
 553 552 581
 553 582 554
 554 583 555
 584 556 555
 585 557 556
 586 558 557
 558 587 559
 559 588 560
 561 560 589
 562 561 590
 565 535 564
 566 536 565
 537 566 567
 538 567 568
 569 539 568
 570 540 569
 570 571 541
 571 572 542
 572 573 543
 573 574 544
 574 575 545
 576 546 575
 548 576 577
 577 578 549
 550 578 579
 551 579 580
 552 580 581
 553 581 582
 582 583 554
 583 584 555
 585 556 584
 586 557 585
 587 558 586
 587 588 559
 588 589 560
 561 589 590
 564 591 565
 592 566 565
 593 567 566
 568 567 594
 595 569 568
 569 596 570
 597 571 570
 571 598 572
 599 573 572
 600 574 573
 575 574 601
 576 575 577
 577 602 578
 578 603 579
 580 579 604
 581 580 605
 581 606 582
 607 583 582
 583 608 584
 584 609 585
 586 585 610
 587 586 611
 612 588 587
 589 588 613
 589 614 590
 564 615 591
 591 592 565
 592 593 566
 594 567 593
 594 595 568
 569 595 596
 596 597 570
 571 597 598
 598 599 572
 599 600 573
 601 574 600
 575 601 577
 602 603 578
 601 602 577
 603 604 579
 580 604 605
 581 605 606
 606 607 582
 608 583 607
 608 609 584
 609 610 585
 586 610 611
 587 611 612
 613 588 612
 589 613 614
 614 616 590
 617 591 615
 592 591 618
 619 593 592
 593 620 594
 594 621 595
 622 596 595
 596 623 597
 624 598 597
 625 599 598
 600 599 626
 627 601 600
 602 627 603
 602 601 627
 603 628 604
 604 629 605
 605 630 606
 607 606 631
 607 632 608
 609 608 633
 634 610 609
 610 635 611
 611 636 612
 613 612 637
 614 613 638
 639 616 614
 618 591 617
 618 619 592
 593 619 620
 594 620 621
 621 622 595
 596 622 623
 623 624 597
 624 625 598
 626 599 625
 626 627 600
 627 628 603
 628 629 604
 629 630 605
 630 631 606
 607 631 632
 632 633 608
 609 633 634
 635 610 634
 635 636 611
 636 637 612
 613 637 638
 614 638 639
 640 618 617
 618 641 619
 620 619 642
 621 620 643
 621 644 622
 623 622 645
 646 624 623
 647 625 624
 626 625 648
 627 626 649
 627 649 628
 628 650 629
 629 651 630
 652 631 630
 631 653 632
 654 633 632
 633 655 634
 634 656 635
 657 636 635
 637 636 658
 637 659 638
 660 639 638
 661 640 617
 618 640 641
 642 619 641
 643 620 642
 621 643 644
 645 622 644
 645 646 623
 646 647 624
 648 625 647
 649 626 648
 628 649 650
 650 651 629
 651 652 630
 653 631 652
 653 654 632
 655 633 654
 655 656 634
 656 657 635
 658 636 657
 637 658 659
 659 660 638
 640 661 662
 663 641 640
 641 664 642
 642 665 643
 644 643 666
 667 645 644
 668 646 645
 669 647 646
 670 648 647
 650 649 648
 650 671 651
 651 672 652
 653 652 673
 654 653 674
 654 675 655
 676 656 655
 677 657 656
 657 678 658
 679 659 658
 680 660 659
 662 663 640
 641 663 664
 642 664 665
 666 643 665
 666 667 644
 667 668 645
 668 669 646
 669 670 647
 650 648 670
 671 672 651
 650 670 671
 672 673 652
 653 673 674
 654 674 675
 675 676 655
 677 656 676
 678 657 677
 678 679 658
 680 659 679
 681 660 680
 663 662 682
 664 663 683
 664 684 665
 665 685 666
 686 667 666
 687 668 667
 669 668 688
 689 670 669
 689 672 671
 670 689 671
 672 690 673
 673 691 674
 675 674 692
 676 675 693
 694 677 676
 677 695 678
 678 696 679
 697 680 679
 698 681 680
 682 662 699
 683 663 682
 664 683 684
 665 684 685
 685 686 666
 686 687 667
 688 668 687
 688 689 669
 690 672 689
 690 691 673
 691 692 674
 675 692 693
 676 693 694
 695 677 694
 695 696 678
 696 697 679
 698 680 697
 682 699 700
 683 682 701
 683 702 684
 703 685 684
 686 685 704
 705 687 686
 706 688 687
 689 688 707
 689 707 690
 690 708 691
 692 691 709
 692 710 693
 694 693 711
 695 694 712
 713 696 695
 696 714 697
 697 715 698
 701 682 700
 683 701 702
 702 703 684
 704 685 703
 704 705 686
 705 706 687
 707 688 706
 690 707 708
 708 709 691
 692 709 710
 710 711 693
 694 711 712
 695 712 713
 714 696 713
 714 715 697
 700 716 701
 701 717 702
 703 702 718
 703 719 704
 705 704 720
 721 706 705
 706 708 707
 721 709 708
 709 722 710
 723 711 710
 724 712 711
 713 712 725
 714 713 726
 727 715 714
 700 728 716
 701 716 717
 718 702 717
 703 718 719
 720 704 719
 720 721 705
 706 721 708
 722 709 721
 722 723 710
 724 711 723
 725 712 724
 713 725 726
 714 726 727
 729 716 728
 717 716 730
 718 717 731
 719 718 732
 719 733 720
 720 734 721
 734 722 721
 735 723 722
 723 736 724
 724 737 725
 738 726 725
 727 726 739
 740 729 728
 730 716 729
 731 717 730
 732 718 731
 719 732 733
 720 733 734
 734 735 722
 736 723 735
 736 737 724
 737 738 725
 739 726 738
 740 741 729
 730 729 742
 743 731 730
 732 731 744
 733 732 745
 734 733 735
 735 746 736
 736 747 737
 738 737 748
 738 749 739
 742 729 741
 742 743 730
 744 731 743
 745 732 744
 746 733 745
 735 733 746
 746 747 736
 747 748 737
 738 748 749
 749 750 739
 751 742 741
 752 743 742
 744 743 753
 745 744 754
 745 754 746
 754 747 746
 755 748 747
 749 748 756
 750 749 757
 758 751 741
 751 752 742
 753 743 752
 754 744 753
 755 747 754
 756 748 755
 749 756 757
 759 751 758
 760 752 751
 753 752 761
 754 753 762
 754 762 755
 763 756 755
 756 764 757
 759 760 751
 761 752 760
 753 761 762
 762 763 755
 764 756 763
 764 765 757
 766 760 759
 761 760 767
 761 763 762
 768 764 763
 765 764 769
 770 766 759
 767 760 766
 761 767 763
 767 768 763
 769 764 768
 770 771 766
 767 766 772
 768 767 772
 768 772 769
 770 773 771
 772 766 771
 773 774 771
 2
 774 773
 27
 773 770 759 758 741 740 728 700 699 662 661 617 615 564 563 533 472 470 402 365 325 323 241 239 150 149 2
 0
 29
 774 772 771 769 765 757 750 739 727 715 698 681 660 639 616 590 562 534 503 471 437 401 364 324 282 240 195 148 101
