776 1443
10.000000 4.800000 0
9.826795 4.700000 1
10.000000 4.600000 0
9.826795 4.500000 1
10.000000 4.400000 0
9.826795 4.300000 1
10.000000 4.200000 0
9.826795 4.100000 1
10.000000 4.000000 0
9.826795 3.900000 1
10.000000 3.800000 0
9.826795 3.700000 1
10.000000 3.600000 0
9.826795 3.500000 1
10.000000 3.400000 0
9.826795 3.300000 1
10.000000 3.200000 0
9.826795 3.100000 1
10.000000 3.000000 0
9.826795 2.900000 1
10.000000 2.800000 0
9.826795 2.700000 1
10.000000 2.600000 0
9.826796 2.500000 1
10.000000 2.400000 0
9.826795 2.300001 1
10.000000 2.200000 0
9.826790 2.100004 1
10.000000 2.000000 0
9.826769 1.899997 1
10.000000 1.800000 0
9.826718 1.699942 1
10.000000 1.600000 0
9.826645 1.499748 1
10.000000 1.400000 0
9.826605 1.299307 1
10.000000 1.200000 0
9.826694 1.098594 1
10.000000 1.000000 0
9.826888 0.897739 1
10.000000 0.800000 0
9.826661 0.696703 1
10.000000 0.600000 0
9.824934 0.493506 1
10.000000 0.400000 0
9.835630 0.297254 1
10.000000 0.200000 0
9.912641 0.087587 1
10.000000 0.000000 0
9.800000 0.000000 0
9.600000 0.000000 0
9.704722 0.166774 1
9.400000 0.000000 0
9.508581 0.180216 1
9.200000 0.000000 0
9.303722 0.180030 1
9.000000 0.000000 0
9.101120 0.177994 1
8.800000 0.000000 0
8.900103 0.175431 1
8.600000 0.000000 0
8.699998 0.174015 1
8.400000 0.000000 0
8.500047 0.173424 1
8.200000 0.000000 0
8.300056 0.173237 1
8.000000 0.000000 0
8.100037 0.173200 1
7.800000 0.000000 0
7.900016 0.173201 1
7.600000 0.000000 0
7.700005 0.173204 1
7.400000 0.000000 0
7.500001 0.173205 1
7.200000 0.000000 0
7.300000 0.173205 1
7.000000 0.000000 0
7.100000 0.173205 1
6.800000 0.000000 0
6.900000 0.173205 1
6.600000 0.000000 0
6.700000 0.173205 1
6.400000 0.000000 0
6.500000 0.173205 1
6.200000 0.000000 0
6.300000 0.173205 1
6.000000 0.000000 0
6.100000 0.173205 1
5.800000 0.000000 0
5.900000 0.173205 1
5.600000 0.000000 0
5.700000 0.173205 1
5.400000 0.000000 0
5.500000 0.173205 1
5.200000 0.000000 0
5.300000 0.173205 1
9.826795 4.900000 2
9.850587 0.150333 1
5.100000 0.173205 2
9.653590 4.800000 1
9.653590 4.600000 1
9.653590 4.400000 1
9.653590 4.200000 1
9.653590 4.000000 1
9.653590 3.800000 1
9.653590 3.600000 1
9.653590 3.400000 1
9.653590 3.200000 1
9.653590 3.000000 1
9.653590 2.800000 1
9.653590 2.600000 1
9.653592 2.400002 1
9.653589 2.200010 1
9.653562 2.000027 1
9.653461 1.800009 1
9.653239 1.599814 1
9.652949 1.399181 1
9.652830 1.197874 1
9.653275 0.996054 1
9.654196 0.794502 1
9.653635 0.594034 1
9.633580 0.372823 1
9.409357 0.361810 1
9.202974 0.360545 1
8.999496 0.352481 1
8.799597 0.348583 1
8.599996 0.346968 1
8.400155 0.346451 1
8.200141 0.346361 1
8.000079 0.346379 1
7.800033 0.346402 1
7.600011 0.346410 1
7.400003 0.346411 1
7.200001 0.346411 1
7.000000 0.346410 1
6.800000 0.346410 1
6.600000 0.346410 1
6.400000 0.346410 1
6.200000 0.346410 1
6.000000 0.346410 1
5.800000 0.346410 1
5.600000 0.346410 1
5.400000 0.346410 1
5.200000 0.346410 1
9.653590 5.000000 2
5.000000 0.346410 2
9.480385 4.900000 2
9.480385 4.700000 1
9.480385 4.500000 1
9.480385 4.300000 1
9.480385 4.100000 1
9.480385 3.900000 1
9.480385 3.700000 1
9.480385 3.500000 1
9.480385 3.300000 1
9.480385 3.100000 1
9.480385 2.900000 1
9.480386 2.699999 1
9.480391 2.499998 1
9.480398 2.300007 1
9.480389 2.100050 1
9.480285 1.900133 1
9.479924 1.700137 1
9.479170 1.499668 1
9.478285 1.298133 1
9.477967 1.095104 1
9.479834 0.891516 1
9.483906 0.690157 1
9.497973 0.516076 1
9.308722 0.561459 1
9.094481 0.530112 1
8.897707 0.522956 1
8.699534 0.520181 1
8.500291 0.519385 1
8.300405 0.519342 1
8.100284 0.519471 1
7.900150 0.519573 1
7.700065 0.519616 1
7.500023 0.519623 1
7.300007 0.519620 1
7.100001 0.519617 1
6.900000 0.519615 1
6.700000 0.519615 1
6.500000 0.519615 1
6.300000 0.519615 1
6.100000 0.519615 1
5.900000 0.519615 1
5.700000 0.519615 1
5.500000 0.519615 1
5.300000 0.519615 1
5.100000 0.519615 2
9.307179 4.800000 1
9.307179 4.600000 1
9.307179 4.400000 1
9.307179 4.200000 1
9.307179 4.000000 1
9.307179 3.800000 1
9.307179 3.600000 1
9.307179 3.400000 1
9.307179 3.200000 1
9.307179 2.999999 1
9.307180 2.799995 1
9.307187 2.599985 1
9.307206 2.399977 1
9.307241 2.200013 1
9.307230 2.000178 1
9.306939 1.800509 1
9.305885 1.600714 1
9.303614 1.399746 1
9.301503 1.196497 1
9.300078 0.989496 1
9.307668 0.782809 1
9.162893 0.688829 1
8.993343 0.694862 1
8.798278 0.691929 1
8.600464 0.691424 1
8.400994 0.691834 1
8.200827 0.692332 1
8.000520 0.692669 1
7.800275 0.692829 1
7.600124 0.692866 1
7.400046 0.692852 1
7.200013 0.692833 1
7.000003 0.692824 1
6.800000 0.692821 1
6.600000 0.692820 1
6.400000 0.692820 1
6.200000 0.692820 1
6.000000 0.692820 1
5.800000 0.692820 1
5.600000 0.692820 1
5.400000 0.692820 1
5.200000 0.692820 1
9.307179 5.000000 2
5.000000 0.692820 2
9.133975 4.900000 1
9.133975 4.700000 1
9.133975 4.500000 1
9.133975 4.300000 1
9.133975 4.100000 1
9.133975 3.900000 1
9.133975 3.700000 1
9.133975 3.500000 1
9.133975 3.300000 1
9.133974 3.099998 1
9.133974 2.899988 1
9.133978 2.699961 1
9.134001 2.499909 1
9.134073 2.299867 1
9.134215 2.099976 1
9.134283 1.900495 1
9.133684 1.701602 1
9.131061 1.502725 1
9.124093 1.300443 1
9.122599 1.095314 1
9.108246 0.874847 1
8.896146 0.860498 1
8.700866 0.861507 1
8.502232 0.863358 1
8.302035 0.864744 1
8.101452 0.865608 1
7.900900 0.866078 1
7.700478 0.866220 1
7.500211 0.866181 1
7.300076 0.866104 1
7.100021 0.866053 1
6.900004 0.866032 1
6.700001 0.866026 1
6.500000 0.866025 1
6.300000 0.866025 1
6.100000 0.866025 1
5.900000 0.866025 1
5.700000 0.866025 1
5.500000 0.866025 1
5.300000 0.866025 1
5.100000 0.866025 2
9.133975 5.100000 2
8.960770 5.000000 2
8.960770 4.800000 1
8.960770 4.600000 1
8.960770 4.400000 1
8.960770 4.200000 1
8.960770 4.000000 1
8.960770 3.800000 1
8.960770 3.600000 1
8.960770 3.400000 1
8.960769 3.199996 1
8.960766 2.999979 1
8.960763 2.799926 1
8.960771 2.599804 1
8.960836 2.399608 1
8.961060 2.199445 1
8.961563 1.999703 1
8.962123 1.801100 1
8.961451 1.604329 1
8.956517 1.409660 1
8.927285 1.198459 1
8.971709 1.011493 1
8.802156 1.027864 1
8.604830 1.033423 1
8.404392 1.036631 1
8.203375 1.038248 1
8.002403 1.039413 1
7.801457 1.039881 1
7.600734 1.039816 1
7.400304 1.039573 1
7.200104 1.039376 1
7.000029 1.039276 1
6.800006 1.039240 1
6.600001 1.039232 1
6.400000 1.039231 1
6.200000 1.039230 1
6.000000 1.039230 1
5.800000 1.039230 1
5.600000 1.039230 1
5.400000 1.039230 1
5.200000 1.039230 1
5.000000 1.039230 2
8.787564 4.900000 1
8.787564 4.700000 1
8.787564 4.500000 1
8.787564 4.300000 1
8.787564 4.100000 1
8.787564 3.900000 1
8.787564 3.700000 1
8.787563 3.499999 1
8.787560 3.299994 1
8.787551 3.099968 1
8.787533 2.899883 1
8.787511 2.699674 1
8.787519 2.499275 1
8.787670 2.298691 1
8.788253 2.098170 1
8.789836 1.898629 1
8.792221 1.701819 1
8.792980 1.509298 1
8.801353 1.342790 1
8.710614 1.201247 1
8.508730 1.209343 1
8.306453 1.210192 1
8.105444 1.212754 1
7.903730 1.214213 1
7.702051 1.214218 1
7.500936 1.213598 1
7.300362 1.212997 1
7.100121 1.212644 1
6.900037 1.212494 1
6.700010 1.212448 1
6.500002 1.212437 1
6.300000 1.212436 1
6.100000 1.212436 1
5.900000 1.212436 1
5.700000 1.212436 1
5.500000 1.212436 1
5.300000 1.212436 1
5.100000 1.212436 2
8.787564 5.100000 2
8.614359 5.000000 2
8.614359 4.800000 1
8.614359 4.600000 1
8.614359 4.400000 1
8.614359 4.200000 1
8.614359 4.000000 1
8.614359 3.800000 1
8.614358 3.600000 1
8.614349 3.399994 1
8.614326 3.199962 1
8.614273 2.999846 1
8.614191 2.799542 1
8.614109 2.598920 1
8.614108 2.397896 1
8.614361 2.196484 1
8.615487 1.994905 1
8.620175 1.795360 1
8.627611 1.601984 1
8.619170 1.395246 1
8.408265 1.378965 1
8.210850 1.385088 1
8.008467 1.389786 1
7.804851 1.390228 1
7.602309 1.388886 1
7.400953 1.387343 1
7.200369 1.386347 1
7.000139 1.385873 1
6.800050 1.385701 1
6.600016 1.385652 1
6.400004 1.385642 1
6.200001 1.385641 1
6.000000 1.385641 1
5.800000 1.385641 1
5.600000 1.385641 1
5.400000 1.385641 1
5.200000 1.385641 2
8.441154 4.900000 2
8.441154 4.700000 1
8.441154 4.500000 1
8.441154 4.300000 1
8.441154 4.100000 1
8.441154 3.900000 1
8.441152 3.700001 1
8.441137 3.499998 1
8.441090 3.299971 1
8.440974 3.099846 1
8.440769 2.899465 1
8.440510 2.698614 1
8.440325 2.497134 1
8.440343 2.295050 1
8.440477 2.092296 1
8.440657 1.886963 1
8.456622 1.686969 1
8.486101 1.522864 1
8.320724 1.550891 1
8.118619 1.568232 1
7.910056 1.569237 1
7.704708 1.566725 1
7.501908 1.563083 1
7.300817 1.560709 1
7.100385 1.559523 1
6.900183 1.559046 1
6.700077 1.558892 1
6.500026 1.558854 1
6.300006 1.558847 1
6.100001 1.558846 1
5.900000 1.558846 1
5.700000 1.558846 1
5.500000 1.558846 1
5.300000 1.558846 2
8.267949 4.800000 1
8.267949 4.600000 1
8.267949 4.400000 1
8.267949 4.200000 1
8.267949 4.000000 1
8.267944 3.800003 1
8.267925 3.600008 1
8.267854 3.400002 1
8.267656 3.199914 1
8.267243 2.999542 1
8.266620 2.798540 1
8.266002 2.596555 1
8.265861 2.393630 1
8.266347 2.190456 1
8.265920 1.987779 1
8.246576 1.763064 1
8.017666 1.751873 1
7.808210 1.750072 1
7.602533 1.740929 1
7.401227 1.735968 1
7.200796 1.733546 1
7.000508 1.732529 1
6.800273 1.732174 1
6.600117 1.732074 1
6.400039 1.732053 1
6.200009 1.732050 1
6.000001 1.732051 1
5.800000 1.732051 1
5.600000 1.732051 1
5.400000 1.732051 1
8.267949 5.000000 2
5.200000 1.732051 2
8.094744 4.900000 2
8.094744 4.700000 1
8.094744 4.500000 1
8.094744 4.300000 1
8.094743 4.100001 1
8.094737 3.900007 1
8.094712 3.700023 1
8.094624 3.500053 1
8.094363 3.300058 1
8.093734 3.099853 1
8.092539 2.898961 1
8.090991 2.696705 1
8.089789 2.492572 1
8.090695 2.287455 1
8.094004 2.084160 1
8.107946 1.908099 1
7.916114 1.953064 1
7.699193 1.920100 1
7.500632 1.911615 1
7.301202 1.907701 1
7.101138 1.906056 1
6.900765 1.905461 1
6.700394 1.905282 1
6.500159 1.905246 1
6.300050 1.905247 1
6.100012 1.905253 1
5.900002 1.905255 1
5.700000 1.905256 1
5.500000 1.905256 1
5.300000 1.905256 1
5.100000 1.905256 2
7.921539 4.800000 1
7.921539 4.600000 1
7.921538 4.400001 1
7.921536 4.200004 1
7.921528 4.000015 1
7.921495 3.800050 1
7.921392 3.600125 1
7.921106 3.400250 1
7.920386 3.200344 1
7.918751 3.000018 1
7.915699 2.798171 1
7.912557 2.593689 1
7.909859 2.385089 1
7.916215 2.176583 1
7.769251 2.080619 1
7.598040 2.085400 1
7.401307 2.080982 1
7.202183 2.079188 1
7.001782 2.078593 1
6.801054 2.078408 1
6.600491 2.078376 1
6.400184 2.078403 1
6.200055 2.078435 1
6.000012 2.078453 1
5.800001 2.078460 1
5.600000 2.078461 1
5.400000 2.078461 1
5.200000 2.078461 2
7.921539 5.000000 2
7.748334 4.900000 1
7.748333 4.700000 1
7.748332 4.500000 1
7.748328 4.300004 1
7.748316 4.100025 1
7.748277 3.900088 1
7.748154 3.700228 1
7.747837 3.500477 1
7.747137 3.300857 1
7.745611 3.101319 1
7.742054 2.901270 1
7.734031 2.697400 1
7.731332 2.490512 1
7.715331 2.267915 1
7.500977 2.251624 1
7.303854 2.250980 1
7.103647 2.251275 1
6.902344 2.251352 1
6.701195 2.251339 1
6.500512 2.251427 1
6.300180 2.251543 1
6.100049 2.251621 1
5.900009 2.251655 1
5.700000 2.251665 1
5.500000 2.251666 1
5.300000 2.251666 1
7.748334 5.100000 2
5.100000 2.251666 2
7.575129 5.000000 2
7.575128 4.799998 1
7.575124 4.599996 1
7.575115 4.399996 1
7.575098 4.200018 1
7.575058 4.000112 1
7.574933 3.800347 1
7.574574 3.600779 1
7.573779 3.401391 1
7.572503 3.202252 1
7.570318 3.003832 1
7.564512 2.806926 1
7.534124 2.593119 1
7.578265 2.404672 1
7.406755 2.419639 1
7.207006 2.423249 1
7.004527 2.424298 1
6.802338 2.424028 1
6.601114 2.424141 1
6.400464 2.424439 1
6.200158 2.424684 1
6.000041 2.424814 1
5.800009 2.424862 1
5.600003 2.424872 1
5.400002 2.424872 1
5.200001 2.424871 1
5.000000 2.424871 2
7.401920 4.899995 1
7.401912 4.699984 1
7.401892 4.499966 1
7.401860 4.299963 1
7.401821 4.100049 1
7.401742 3.900363 1
7.401453 3.701064 1
7.400558 3.502144 1
7.398678 3.303178 1
7.397244 3.104354 1
7.396869 2.907930 1
7.405969 2.738339 1
7.313740 2.593949 1
7.108208 2.599282 1
6.903466 2.596437 1
6.701893 2.596218 1
6.500976 2.596862 1
6.300426 2.597482 1
6.100166 2.597859 1
5.900070 2.598031 1
5.700036 2.598082 1
5.500020 2.598085 1
5.300009 2.598080 1
5.100002 2.598078 1
7.401920 5.100001 2
4.899997 2.598078 2
7.228707 4.999991 2
7.228694 4.799959 1
7.228652 4.599897 1
7.228584 4.399815 1
7.228517 4.199793 1
7.228503 4.000044 1
7.228488 3.800911 1
7.228018 3.602712 1
7.225955 3.405191 1
7.220392 3.205528 1
7.222239 3.005103 1
7.217866 2.790201 1
7.001481 2.767710 1
6.802310 2.766870 1
6.601788 2.768381 1
6.401031 2.769757 1
6.200559 2.770633 1
6.000339 2.771116 1
5.800220 2.771300 1
5.600135 2.771328 1
5.400070 2.771310 1
5.200027 2.771293 1
4.999999 2.771287 1
4.799970 2.771295 2
7.055461 4.899924 1
7.055388 4.699782 1
7.055244 4.499543 1
7.055079 4.299260 1
7.055042 4.099163 1
7.055341 3.899759 1
7.055895 3.701829 1
7.055636 3.506113 1
7.051824 3.313012 1
7.025085 3.104084 1
7.073992 2.920014 1
6.902282 2.933767 1
6.703349 2.938375 1
6.502329 2.941333 1
6.301538 2.942856 1
6.101200 2.943983 1
5.900901 2.944539 1
5.700603 2.944670 1
5.500349 2.944624 1
5.300164 2.944554 1
5.100044 2.944515 1
4.899949 2.944519 1
7.055458 5.099999 2
4.699821 2.944566 2
6.882175 4.999899 2
6.882082 4.799642 1
6.881815 4.599163 1
6.881443 4.398440 1
6.881188 4.197661 1
6.881483 3.997330 1
6.883006 3.798505 1
6.885648 3.602848 1
6.887191 3.411706 1
6.896906 3.246528 1
6.807559 3.105780 1
6.605196 3.113425 1
6.403300 3.113977 1
6.203310 3.116281 1
6.002806 3.117798 1
5.802030 3.118254 1
5.601278 3.118198 1
5.400676 3.117987 1
5.200269 3.117822 1
4.999989 3.117771 1
4.799702 3.117842 2
6.708698 4.899539 2
6.708280 4.698785 1
6.707546 4.497481 1
6.706819 4.295703 1
6.706699 4.093930 1
6.707966 3.892879 1
6.713069 3.694792 1
6.721134 3.503249 1
6.714007 3.298263 1
6.503598 3.281546 1
6.307525 3.286827 1
6.107226 3.291108 1
5.905461 3.292304 1
5.703693 3.292384 1
5.502136 3.291913 1
5.301006 3.291391 1
5.100268 3.291113 1
4.899672 3.291137 1
4.698908 3.291465 2
6.534647 4.798604 1
6.533405 4.596767 1
6.531759 4.393763 1
6.530834 4.190064 1
6.531560 3.986812 1
6.533312 3.782964 1
6.550257 3.585893 1
6.580191 3.424278 1
6.415909 3.450574 1
6.216805 3.465732 1
6.012115 3.466950 1
5.808833 3.467701 1
5.605465 3.467008 1
5.402808 3.465672 1
5.201106 3.464736 1
4.999941 3.464459 1
4.798752 3.464832 2
6.535142 4.999551 2
6.360919 4.898767 2
6.359250 4.696793 1
6.356237 4.492949 1
6.352998 4.286659 1
6.353514 4.080087 1
6.357468 3.877417 1
6.342303 3.656801 1
6.120941 3.640646 1
5.918134 3.644237 1
5.711941 3.644645 1
5.506257 3.641587 1
5.302824 3.639053 1
5.100743 3.637913 1
4.899042 3.637994 2
6.185367 4.797679 2
6.181274 4.594276 1
6.174655 4.387145 1
6.167640 4.173211 1
6.179339 3.963414 1
6.206383 3.791509 1
6.034045 3.817878 1
5.824357 3.828679 1
5.611322 3.820980 1
5.405224 3.814687 1
5.202112 3.811705 1
4.999848 3.810969 1
4.797530 3.811940 2
6.007491 4.697156 2
5.999539 4.492769 1
5.985254 4.281757 1
5.956914 4.038933 1
5.714865 4.007560 1
5.506200 3.991862 1
5.303460 3.985818 1
5.101062 3.983914 1
4.898533 3.984063 1
4.696011 3.986255 2
5.825511 4.598698 1
5.817083 4.397943 1
5.790763 4.201298 1
5.598191 4.166802 1
5.403332 4.158935 1
5.202557 4.156714 1
4.999789 4.156389 1
4.796943 4.157049 2
5.835851 4.800506 2
5.659755 4.707521 2
5.627558 4.497765 1
5.668088 4.317640 1
5.502778 4.327365 1
5.304957 4.328632 1
5.101945 4.329381 1
4.897652 4.329564 1
4.694493 4.329161 2
5.502953 4.640473 1
5.410894 4.498173 1
5.206214 4.504466 1
4.999890 4.503228 1
4.793485 4.504927 1
5.495658 4.807553 2
4.588579 4.498978 2
5.317714 4.693514 2
5.100462 4.676728 1
4.899690 4.677087 1
4.682240 4.694730 2
4.673819 4.906794 3
4.822480 4.827415 1
5.178312 4.826221 2
5.000582 4.858382 2
4.857446 5.002383 3
 0 1 2
 2 3 4
 4 5 6
 6 7 8
 8 9 10
 10 11 12
 12 13 14
 14 15 16
 16 17 18
 18 19 20
 20 21 22
 22 23 24
 24 25 26
 26 27 28
 28 29 30
 30 31 32
 32 33 34
 34 35 36
 36 37 38
 38 39 40
 40 41 42
 42 43 44
 44 45 46
 47 48 46
 49 48 47
 50 49 51
 52 50 53
 54 52 55
 56 54 57
 58 56 59
 60 58 61
 62 60 63
 64 62 65
 66 64 67
 68 66 69
 70 68 71
 72 70 73
 74 72 75
 76 74 77
 78 76 79
 80 78 81
 82 80 83
 84 82 85
 86 84 87
 88 86 89
 90 88 91
 92 90 93
 94 92 95
 0 96 1
 2 1 3
 4 3 5
 6 5 7
 8 7 9
 10 9 11
 12 11 13
 14 13 15
 16 15 17
 18 17 19
 20 19 21
 22 21 23
 24 23 25
 26 25 27
 28 27 29
 30 29 31
 32 31 33
 34 33 35
 36 35 37
 38 37 39
 40 39 41
 42 41 43
 44 43 45
 45 97 46
 97 47 46
 97 49 47
 51 49 97
 50 51 53
 52 53 55
 54 55 57
 56 57 59
 58 59 61
 60 61 63
 62 63 65
 64 65 67
 66 67 69
 68 69 71
 70 71 73
 72 73 75
 74 75 77
 76 77 79
 78 79 81
 80 81 83
 82 83 85
 84 85 87
 86 87 89
 88 89 91
 90 91 93
 92 93 95
 94 95 98
 99 1 96
 100 3 1
 101 5 3
 102 7 5
 103 9 7
 104 11 9
 105 13 11
 106 15 13
 107 17 15
 108 19 17
 109 21 19
 110 23 21
 111 25 23
 112 27 25
 113 29 27
 114 31 29
 115 33 31
 116 35 33
 117 37 35
 118 39 37
 119 41 39
 120 43 41
 121 45 43
 51 97 45
 51 121 53
 55 53 122
 57 55 123
 59 57 124
 61 59 125
 63 61 126
 63 127 65
 67 65 128
 69 67 129
 71 69 130
 73 71 131
 75 73 132
 77 75 133
 79 77 134
 81 79 135
 83 81 136
 85 83 137
 87 85 138
 89 87 139
 91 89 140
 93 91 141
 95 93 142
 98 95 143
 144 99 96
 99 100 1
 100 101 3
 101 102 5
 102 103 7
 103 104 9
 104 105 11
 105 106 13
 106 107 15
 107 108 17
 108 109 19
 109 110 21
 110 111 23
 111 112 25
 112 113 27
 113 114 29
 114 115 31
 115 116 33
 116 117 35
 117 118 37
 118 119 39
 119 120 41
 120 121 43
 51 45 121
 121 122 53
 55 122 123
 57 123 124
 59 124 125
 61 125 126
 63 126 127
 127 128 65
 67 128 129
 69 129 130
 71 130 131
 73 131 132
 75 132 133
 77 133 134
 79 134 135
 81 135 136
 83 136 137
 85 137 138
 87 138 139
 89 139 140
 91 140 141
 93 141 142
 95 142 143
 98 143 145
 144 146 99
 99 147 100
 148 101 100
 101 149 102
 150 103 102
 151 104 103
 152 105 104
 105 153 106
 154 107 106
 155 108 107
 156 109 108
 157 110 109
 158 111 110
 159 112 111
 113 112 160
 161 114 113
 162 115 114
 163 116 115
 164 117 116
 165 118 117
 166 119 118
 167 120 119
 121 120 168
 121 168 122
 123 122 169
 124 123 170
 125 124 171
 126 125 172
 127 126 173
 128 127 174
 129 128 175
 129 176 130
 131 130 177
 132 131 178
 133 132 179
 134 133 180
 135 134 181
 136 135 182
 137 136 183
 138 137 184
 139 138 185
 140 139 186
 141 140 187
 142 141 188
 143 142 189
 145 143 190
 146 147 99
 147 148 100
 101 148 149
 149 150 102
 150 151 103
 151 152 104
 105 152 153
 153 154 106
 154 155 107
 155 156 108
 156 157 109
 157 158 110
 158 159 111
 160 112 159
 160 161 113
 161 162 114
 162 163 115
 163 164 116
 164 165 117
 165 166 118
 166 167 119
 167 168 120
 169 122 168
 123 169 170
 124 170 171
 125 171 172
 126 172 173
 127 173 174
 128 174 175
 129 175 176
 176 177 130
 131 177 178
 132 178 179
 133 179 180
 134 180 181
 135 181 182
 136 182 183
 137 183 184
 138 184 185
 139 185 186
 140 186 187
 141 187 188
 142 188 189
 143 189 190
 146 191 147
 192 148 147
 193 149 148
 149 194 150
 195 151 150
 196 152 151
 197 153 152
 153 198 154
 199 155 154
 200 156 155
 201 157 156
 158 157 202
 203 159 158
 204 160 159
 205 161 160
 206 162 161
 207 163 162
 208 164 163
 209 165 164
 210 166 165
 211 167 166
 169 168 167
 170 169 212
 171 170 213
 171 214 172
 173 172 215
 174 173 216
 175 174 217
 175 218 176
 177 176 219
 178 177 220
 178 221 179
 180 179 222
 180 223 181
 182 181 224
 183 182 225
 184 183 226
 185 184 227
 186 185 228
 186 229 187
 188 187 230
 189 188 231
 190 189 232
 233 191 146
 191 192 147
 192 193 148
 149 193 194
 194 195 150
 195 196 151
 196 197 152
 153 197 198
 198 199 154
 199 200 155
 200 201 156
 202 157 201
 202 203 158
 203 204 159
 204 205 160
 205 206 161
 206 207 162
 207 208 163
 208 209 164
 209 210 165
 210 211 166
 211 169 167
 212 169 211
 170 212 213
 171 213 214
 214 215 172
 173 215 216
 174 216 217
 175 217 218
 218 219 176
 177 219 220
 178 220 221
 221 222 179
 180 222 223
 223 224 181
 182 224 225
 183 225 226
 184 226 227
 185 227 228
 186 228 229
 229 230 187
 188 230 231
 232 189 231
 190 232 234
 235 191 233
 236 192 191
 237 193 192
 238 194 193
 194 239 195
 240 196 195
 197 196 241
 242 198 197
 243 199 198
 200 199 244
 245 201 200
 246 202 201
 203 202 247
 248 204 203
 249 205 204
 250 206 205
 251 207 206
 208 207 252
 209 208 253
 254 210 209
 255 211 210
 212 211 255
 212 255 213
 214 213 256
 214 257 215
 215 258 216
 217 216 259
 218 217 260
 219 218 261
 220 219 262
 220 263 221
 222 221 264
 223 222 265
 223 266 224
 224 267 225
 226 225 268
 226 269 227
 228 227 270
 229 228 271
 230 229 272
 231 230 273
 231 274 232
 232 275 234
 276 235 233
 236 191 235
 237 192 236
 237 238 193
 194 238 239
 239 240 195
 241 196 240
 241 242 197
 242 243 198
 244 199 243
 244 245 200
 245 246 201
 247 202 246
 247 248 203
 248 249 204
 249 250 205
 250 251 206
 252 207 251
 253 208 252
 253 254 209
 254 255 210
 255 256 213
 214 256 257
 257 258 215
 258 259 216
 217 259 260
 218 260 261
 219 261 262
 220 262 263
 263 264 221
 222 264 265
 223 265 266
 266 267 224
 267 268 225
 226 268 269
 269 270 227
 228 270 271
 229 271 272
 230 272 273
 231 273 274
 232 274 275
 277 235 276
 235 278 236
 236 279 237
 280 238 237
 281 239 238
 282 240 239
 283 241 240
 284 242 241
 285 243 242
 243 286 244
 245 244 287
 288 246 245
 289 247 246
 290 248 247
 291 249 248
 292 250 249
 251 250 293
 252 251 294
 253 252 295
 296 254 253
 255 254 297
 255 297 256
 257 256 298
 257 299 258
 300 259 258
 259 301 260
 261 260 302
 262 261 303
 263 262 304
 264 263 305
 265 264 306
 265 307 266
 267 266 308
 268 267 309
 269 268 310
 269 311 270
 270 312 271
 272 271 313
 272 314 273
 274 273 315
 275 274 316
 278 235 277
 278 279 236
 279 280 237
 280 281 238
 281 282 239
 282 283 240
 283 284 241
 284 285 242
 243 285 286
 287 244 286
 287 288 245
 288 289 246
 289 290 247
 290 291 248
 291 292 249
 293 250 292
 294 251 293
 295 252 294
 295 296 253
 296 297 254
 298 256 297
 257 298 299
 299 300 258
 301 259 300
 301 302 260
 261 302 303
 262 303 304
 263 304 305
 264 305 306
 265 306 307
 307 308 266
 267 308 309
 268 309 310
 269 310 311
 311 312 270
 312 313 271
 272 313 314
 315 273 314
 316 274 315
 275 316 317
 278 277 318
 319 279 278
 320 280 279
 280 321 281
 322 282 281
 282 323 283
 284 283 324
 325 285 284
 326 286 285
 286 327 287
 328 288 287
 329 289 288
 330 290 289
 331 291 290
 292 291 332
 292 333 293
 294 293 334
 335 295 294
 336 296 295
 298 297 296
 299 298 337
 299 338 300
 339 301 300
 340 302 301
 302 341 303
 304 303 342
 304 343 305
 306 305 344
 307 306 345
 308 307 346
 309 308 347
 309 348 310
 310 349 311
 312 311 350
 313 312 351
 314 313 352
 314 353 315
 315 354 316
 355 317 316
 356 318 277
 278 318 319
 320 279 319
 321 280 320
 321 322 281
 282 322 323
 324 283 323
 324 325 284
 325 326 285
 286 326 327
 327 328 287
 328 329 288
 329 330 289
 330 331 290
 332 291 331
 292 332 333
 334 293 333
 334 335 294
 335 336 295
 336 337 296
 337 298 296
 299 337 338
 338 339 300
 340 301 339
 341 302 340
 341 342 303
 304 342 343
 343 344 305
 306 344 345
 307 345 346
 308 346 347
 309 347 348
 348 349 310
 349 350 311
 312 350 351
 313 351 352
 314 352 353
 315 353 354
 354 355 316
 357 318 356
 358 319 318
 359 320 319
 360 321 320
 361 322 321
 362 323 322
 323 363 324
 324 364 325
 365 326 325
 366 327 326
 367 328 327
 368 329 328
 369 330 329
 331 330 370
 331 371 332
 332 372 333
 333 373 334
 335 334 374
 335 375 336
 337 336 375
 337 375 338
 338 376 339
 377 340 339
 378 341 340
 379 342 341
 342 380 343
 344 343 381
 345 344 382
 345 383 346
 347 346 384
 348 347 385
 349 348 386
 350 349 387
 351 350 388
 351 389 352
 352 390 353
 353 391 354
 354 392 355
 358 318 357
 359 319 358
 360 320 359
 361 321 360
 361 362 322
 323 362 363
 324 363 364
 364 365 325
 365 366 326
 366 367 327
 367 368 328
 368 369 329
 370 330 369
 331 370 371
 332 371 372
 333 372 373
 374 334 373
 335 374 375
 375 376 338
 376 377 339
 378 340 377
 379 341 378
 380 342 379
 380 381 343
 344 381 382
 345 382 383
 383 384 346
 347 384 385
 348 385 386
 349 386 387
 350 387 388
 351 388 389
 352 389 390
 353 390 391
 354 391 392
 393 358 357
 394 359 358
 395 360 359
 396 361 360
 361 397 362
 398 363 362
 399 364 363
 400 365 364
 401 366 365
 402 367 366
 403 368 367
 369 368 404
 369 405 370
 370 406 371
 371 407 372
 372 408 373
 374 373 409
 410 375 374
 376 375 410
 376 411 377
 412 378 377
 379 378 413
 414 380 379
 415 381 380
 381 416 382
 382 417 383
 384 383 418
 385 384 419
 385 420 386
 386 421 387
 388 387 422
 389 388 423
 389 424 390
 390 425 391
 391 426 392
 393 394 358
 395 359 394
 396 360 395
 397 361 396
 397 398 362
 398 399 363
 399 400 364
 400 401 365
 401 402 366
 402 403 367
 404 368 403
 369 404 405
 370 405 406
 371 406 407
 372 407 408
 409 373 408
 410 374 409
 376 410 411
 411 412 377
 413 378 412
 379 413 414
 415 380 414
 416 381 415
 416 417 382
 417 418 383
 384 418 419
 385 419 420
 420 421 386
 421 422 387
 388 422 423
 389 423 424
 390 424 425
 391 425 426
 427 394 393
 394 428 395
 395 429 396
 430 397 396
 397 431 398
 398 432 399
 433 400 399
 434 401 400
 402 401 435
 402 436 403
 404 403 437
 404 438 405
 439 406 405
 406 440 407
 407 441 408
 409 408 442
 410 409 411
 442 412 411
 443 413 412
 414 413 444
 415 414 445
 446 416 415
 447 417 416
 448 418 417
 418 449 419
 419 450 420
 420 451 421
 452 422 421
 422 453 423
 423 454 424
 425 424 455
 426 425 456
 427 393 457
 428 394 427
 428 429 395
 429 430 396
 431 397 430
 398 431 432
 432 433 399
 433 434 400
 435 401 434
 402 435 436
 437 403 436
 404 437 438
 438 439 405
 406 439 440
 407 440 441
 442 408 441
 409 442 411
 443 412 442
 444 413 443
 414 444 445
 415 445 446
 447 416 446
 448 417 447
 449 418 448
 449 450 419
 450 451 420
 451 452 421
 453 422 452
 423 453 454
 455 424 454
 456 425 455
 458 426 456
 457 459 427
 460 428 427
 461 429 428
 462 430 429
 430 463 431
 464 432 431
 465 433 432
 433 466 434
 435 434 467
 435 468 436
 436 469 437
 437 470 438
 471 439 438
 472 440 439
 441 440 473
 441 474 442
 474 443 442
 475 444 443
 445 444 476
 446 445 477
 447 446 478
 479 448 447
 480 449 448
 481 450 449
 451 450 482
 452 451 483
 452 484 453
 454 453 485
 454 486 455
 455 487 456
 456 488 458
 459 460 427
 461 428 460
 462 429 461
 463 430 462
 463 464 431
 464 465 432
 433 465 466
 467 434 466
 435 467 468
 436 468 469
 437 469 470
 470 471 438
 471 472 439
 473 440 472
 441 473 474
 474 475 443
 476 444 475
 445 476 477
 446 477 478
 447 478 479
 480 448 479
 481 449 480
 482 450 481
 451 482 483
 452 483 484
 485 453 484
 454 485 486
 455 486 487
 456 487 488
 489 458 488
 459 490 460
 460 491 461
 461 492 462
 463 462 493
 463 494 464
 465 464 495
 466 465 496
 466 497 467
 467 498 468
 499 469 468
 500 470 469
 470 501 471
 502 472 471
 473 472 503
 474 473 475
 504 476 475
 477 476 505
 477 506 478
 479 478 507
 480 479 508
 509 481 480
 482 481 510
 482 511 483
 512 484 483
 485 484 513
 514 486 485
 487 486 515
 516 488 487
 489 488 517
 490 459 518
 490 491 460
 491 492 461
 492 493 462
 463 493 494
 494 495 464
 496 465 495
 466 496 497
 467 497 498
 498 499 468
 499 500 469
 470 500 501
 501 502 471
 503 472 502
 473 503 475
 503 504 475
 505 476 504
 477 505 506
 506 507 478
 479 507 508
 480 508 509
 510 481 509
 482 510 511
 511 512 483
 513 484 512
 513 514 485
 515 486 514
 515 516 487
 517 488 516
 519 490 518
 520 491 490
 521 492 491
 522 493 492
 494 493 523
 494 524 495
 496 495 525
 497 496 526
 497 527 498
 528 499 498
 500 499 529
 501 500 530
 501 531 502
 502 532 503
 532 504 503
 505 504 532
 506 505 533
 506 534 507
 507 535 508
 509 508 536
 510 509 537
 510 538 511
 511 539 512
 540 513 512
 541 514 513
 515 514 542
 515 543 516
 516 544 517
 519 518 545
 520 490 519
 521 491 520
 522 492 521
 523 493 522
 494 523 524
 524 525 495
 526 496 525
 497 526 527
 527 528 498
 529 499 528
 530 500 529
 501 530 531
 502 531 532
 505 532 533
 506 533 534
 534 535 507
 535 536 508
 509 536 537
 510 537 538
 538 539 511
 539 540 512
 540 541 513
 542 514 541
 515 542 543
 516 543 544
 517 544 546
 545 547 519
 519 548 520
 520 549 521
 550 522 521
 551 523 522
 552 524 523
 553 525 524
 525 554 526
 555 527 526
 556 528 527
 529 528 557
 529 558 530
 559 531 530
 531 560 532
 560 533 532
 534 533 561
 562 535 534
 563 536 535
 536 564 537
 538 537 565
 539 538 566
 539 567 540
 540 568 541
 541 569 542
 542 570 543
 544 543 571
 546 544 572
 547 548 519
 548 549 520
 549 550 521
 551 522 550
 552 523 551
 553 524 552
 554 525 553
 554 555 526
 555 556 527
 557 528 556
 529 557 558
 558 559 530
 560 531 559
 533 560 561
 534 561 562
 563 535 562
 564 536 563
 564 565 537
 538 565 566
 539 566 567
 540 567 568
 541 568 569
 542 569 570
 571 543 570
 572 544 571
 573 546 572
 574 548 547
 575 549 548
 576 550 549
 550 577 551
 551 578 552
 552 579 553
 580 554 553
 581 555 554
 556 555 582
 557 556 583
 558 557 584
 559 558 585
 560 559 561
 561 586 562
 562 587 563
 564 563 588
 564 589 565
 565 590 566
 566 591 567
 568 567 592
 569 568 593
 594 570 569
 570 595 571
 571 596 572
 573 572 597
 547 598 574
 575 548 574
 576 549 575
 577 550 576
 577 578 551
 578 579 552
 579 580 553
 581 554 580
 582 555 581
 583 556 582
 584 557 583
 585 558 584
 586 559 585
 561 559 586
 586 587 562
 587 588 563
 564 588 589
 589 590 565
 566 590 591
 592 567 591
 593 568 592
 593 594 569
 570 594 595
 571 595 596
 597 572 596
 573 597 599
 574 598 600
 575 574 601
 576 575 602
 577 576 603
 604 578 577
 605 579 578
 606 580 579
 580 607 581
 608 582 581
 609 583 582
 610 584 583
 611 585 584
 585 611 586
 611 587 586
 587 612 588
 589 588 613
 590 589 614
 591 590 615
 591 616 592
 592 617 593
 593 618 594
 619 595 594
 620 596 595
 621 597 596
 622 599 597
 574 600 601
 575 601 602
 576 602 603
 577 603 604
 605 578 604
 606 579 605
 607 580 606
 607 608 581
 608 609 582
 609 610 583
 610 611 584
 612 587 611
 612 613 588
 589 613 614
 615 590 614
 591 615 616
 592 616 617
 593 617 618
 618 619 594
 619 620 595
 620 621 596
 621 622 597
 623 599 622
 601 600 624
 625 602 601
 626 603 602
 627 604 603
 628 605 604
 605 629 606
 630 607 606
 631 608 607
 632 609 608
 610 609 633
 611 610 634
 611 634 612
 612 635 613
 614 613 636
 614 637 615
 616 615 638
 639 617 616
 617 640 618
 618 641 619
 619 642 620
 620 643 621
 644 622 621
 622 645 623
 646 624 600
 601 624 625
 626 602 625
 627 603 626
 628 604 627
 629 605 628
 629 630 606
 631 607 630
 632 608 631
 633 609 632
 610 633 634
 634 635 612
 635 636 613
 614 636 637
 638 615 637
 638 639 616
 617 639 640
 618 640 641
 619 641 642
 620 642 643
 643 644 621
 622 644 645
 645 647 623
 646 648 624
 625 624 649
 626 625 650
 627 626 651
 628 627 652
 653 629 628
 630 629 654
 655 631 630
 656 632 631
 633 632 657
 633 635 634
 635 658 636
 659 637 636
 638 637 660
 638 661 639
 639 662 640
 663 641 640
 664 642 641
 665 643 642
 666 644 643
 644 667 645
 645 668 647
 648 649 624
 625 649 650
 626 650 651
 627 651 652
 628 652 653
 654 629 653
 630 654 655
 656 631 655
 657 632 656
 658 633 657
 635 633 658
 658 659 636
 660 637 659
 638 660 661
 639 661 662
 662 663 640
 663 664 641
 664 665 642
 665 666 643
 644 666 667
 667 668 645
 669 649 648
 670 650 649
 650 671 651
 651 672 652
 653 652 673
 674 654 653
 654 675 655
 656 655 676
 657 656 677
 677 658 657
 659 658 677
 659 678 660
 679 661 660
 661 680 662
 681 663 662
 682 664 663
 665 664 683
 665 684 666
 666 685 667
 667 686 668
 670 649 669
 671 650 670
 671 672 651
 672 673 652
 653 673 674
 675 654 674
 675 676 655
 656 676 677
 659 677 678
 678 679 660
 661 679 680
 680 681 662
 681 682 663
 683 664 682
 665 683 684
 666 684 685
 667 685 686
 686 687 668
 688 670 669
 671 670 689
 690 672 671
 673 672 691
 673 692 674
 675 674 693
 694 676 675
 677 676 695
 677 695 678
 678 696 679
 697 680 679
 681 680 698
 681 699 682
 682 700 683
 683 701 684
 684 702 685
 685 703 686
 687 686 704
 688 669 705
 689 670 688
 671 689 690
 691 672 690
 673 691 692
 692 693 674
 675 693 694
 695 676 694
 678 695 696
 696 697 679
 698 680 697
 681 698 699
 682 699 700
 683 700 701
 684 701 702
 685 702 703
 703 704 686
 705 706 688
 707 689 688
 690 689 708
 709 691 690
 692 691 710
 692 711 693
 693 712 694
 695 694 696
 697 696 712
 698 697 713
 698 714 699
 699 715 700
 716 701 700
 701 717 702
 703 702 718
 719 704 703
 706 707 688
 708 689 707
 690 708 709
 710 691 709
 692 710 711
 711 712 693
 712 696 694
 713 697 712
 698 713 714
 699 714 715
 715 716 700
 701 716 717
 718 702 717
 703 718 719
 707 706 720
 721 708 707
 709 708 722
 710 709 723
 724 711 710
 725 712 711
 713 712 725
 713 726 714
 715 714 727
 728 716 715
 729 717 716
 730 718 717
 718 731 719
 707 720 721
 722 708 721
 709 722 723
 710 723 724
 725 711 724
 713 725 726
 727 714 726
 727 728 715
 728 729 716
 729 730 717
 718 730 731
 731 732 719
 720 733 721
 721 734 722
 723 722 735
 723 736 724
 724 726 725
 736 727 726
 737 728 727
 728 738 729
 730 729 739
 730 740 731
 741 732 731
 733 734 721
 734 735 722
 723 735 736
 724 736 726
 736 737 727
 728 737 738
 739 729 738
 730 739 740
 741 731 740
 742 732 741
 734 733 743
 734 744 735
 745 736 735
 737 736 745
 738 737 746
 747 739 738
 740 739 748
 749 741 740
 741 750 742
 751 743 733
 734 743 744
 744 745 735
 746 737 745
 746 747 738
 748 739 747
 748 749 740
 749 750 741
 751 752 743
 743 753 744
 744 754 745
 754 746 745
 755 747 746
 748 747 756
 757 749 748
 749 758 750
 752 753 743
 753 754 744
 754 755 746
 756 747 755
 756 757 748
 749 757 758
 758 759 750
 760 753 752
 754 753 755
 756 755 761
 757 756 762
 757 763 758
 758 764 759
 765 760 752
 761 753 760
 761 755 753
 762 756 761
 757 762 763
 763 764 758
 764 766 759
 767 760 765
 761 760 767
 761 767 762
 763 762 768
 769 764 763
 766 764 770
 768 762 767
 768 769 763
 770 764 769
 771 770 772
 773 768 767
 769 768 774
 772 770 769
 775 771 772
 774 768 773
 774 772 769
 774 775 772
 0
 28
 771 770 766 759 750 742 732 719 704 687 668 647 623 599 573 546 517 489 458 426 392 355 317 275 234 190 145 98
 2
 775 771
 30
 775 774 773 767 765 752 751 733 720 706 705 669 648 646 600 598 547 545 518 459 457 393 357 356 277 276 233 146 144 96
