776 1444
0.000000 0.000000 0
0.087327 0.087323 1
0.000000 0.200000 0
0.164068 0.294556 1
0.000000 0.400000 0
0.175415 0.489017 1
0.000000 0.600000 0
0.175187 0.691607 1
0.000000 0.800000 0
0.175773 0.893440 1
0.000000 1.000000 0
0.175430 1.095728 1
0.000000 1.200000 0
0.174509 1.297629 1
0.000000 1.400000 0
0.173791 1.498816 1
0.000000 1.600000 0
0.173419 1.699468 1
0.000000 1.800000 0
0.173268 1.899793 1
0.000000 2.000000 0
0.173220 2.099933 1
0.000000 2.200000 0
0.173207 2.299983 1
0.000000 2.400000 0
0.173205 2.499997 1
0.000000 2.600000 0
0.173205 2.700000 1
0.000000 2.800000 0
0.173205 2.900000 1
0.000000 3.000000 0
0.173205 3.100000 1
0.000000 3.200000 0
0.173205 3.300000 1
0.000000 3.400000 0
0.173205 3.500000 1
0.000000 3.600000 0
0.173205 3.700000 1
0.000000 3.800000 0
0.173205 3.900000 1
0.000000 4.000000 0
0.173205 4.100000 1
0.000000 4.200000 0
0.173205 4.300000 1
0.000000 4.400000 0
0.173205 4.500000 1
0.000000 4.600000 0
0.173205 4.700000 1
0.000000 4.800000 0
0.173205 4.900000 1
0.000000 5.000000 0
5.000000 0.000000 0
5.200000 0.000000 0
5.100000 0.173205 2
4.800000 0.000000 0
4.900000 0.173205 1
4.600000 0.000000 0
4.700000 0.173205 1
4.400000 0.000000 0
4.500000 0.173205 1
4.200000 0.000000 0
4.300000 0.173205 1
4.000000 0.000000 0
4.100000 0.173205 1
3.800000 0.000000 0
3.900000 0.173205 1
3.600000 0.000000 0
3.700000 0.173205 1
3.400000 0.000000 0
3.500000 0.173205 1
3.200000 0.000000 0
3.300000 0.173205 1
3.000000 0.000000 0
3.100000 0.173205 1
2.800000 0.000000 0
2.900000 0.173205 1
2.600000 0.000000 0
2.700000 0.173205 1
2.400000 0.000000 0
2.499997 0.173206 1
2.200000 0.000000 0
2.299983 0.173208 1
2.000000 0.000000 0
2.099934 0.173219 1
1.800000 0.000000 0
1.899802 0.173259 1
1.600000 0.000000 0
1.699498 0.173389 1
1.400000 0.000000 0
1.498881 0.173726 1
1.200000 0.000000 0
1.297737 0.174401 1
1.000000 0.000000 0
1.095870 0.175288 1
0.800000 0.000000 0
0.893593 0.175620 1
0.600000 0.000000 0
0.691741 0.175052 1
0.400000 0.000000 0
0.489115 0.175317 1
0.200000 0.000000 0
0.294610 0.164014 1
0.149248 0.149227 1
0.173205 5.100000 2
0.364719 0.364563 1
0.348253 0.582570 1
0.351911 0.783551 1
0.352893 0.988529 1
0.350517 1.193471 1
0.348400 1.396510 1
0.347229 1.598247 1
0.346699 1.799212 1
0.346493 1.999698 1
0.346428 2.199904 1
0.346412 2.399976 1
0.346410 2.599996 1
0.346410 2.799999 1
0.346410 3.000000 1
0.346410 3.200000 1
0.346410 3.400000 1
0.346410 3.600000 1
0.346410 3.800000 1
0.346410 4.000000 1
0.346410 4.200000 1
0.346410 4.400000 1
0.346410 4.600000 1
0.346410 4.800000 1
0.346410 5.000000 2
5.000000 0.346410 2
4.800000 0.346410 1
4.600000 0.346410 1
4.400000 0.346410 1
4.200000 0.346410 1
4.000000 0.346410 1
3.800000 0.346410 1
3.600000 0.346410 1
3.400000 0.346410 1
3.200000 0.346410 1
3.000000 0.346410 1
2.799999 0.346411 1
2.599994 0.346412 1
2.399972 0.346417 1
2.199898 0.346434 1
1.999698 0.346494 1
1.799239 0.346673 1
1.598330 0.347146 1
1.396678 0.348232 1
1.193725 0.350263 1
0.988833 0.352589 1
0.783846 0.351615 1
0.582808 0.348015 1
0.497809 0.497512 1
0.524303 0.667888 1
0.535935 0.875688 1
0.529597 1.087411 1
0.524426 1.292970 1
0.521805 1.495965 1
0.520541 1.697896 1
0.519944 1.899053 1
0.519704 2.099636 1
0.519631 2.299881 1
0.519616 2.499967 1
0.519615 2.699993 1
0.519615 2.899999 1
0.519615 3.100000 1
0.519615 3.300000 1
0.519615 3.500000 1
0.519615 3.700000 1
0.519615 3.900000 1
0.519615 4.100000 1
0.519615 4.300000 1
0.519615 4.500000 1
0.519615 4.700000 1
0.519615 4.900000 1
4.900000 0.519615 1
4.700000 0.519615 1
4.500000 0.519615 1
4.300000 0.519615 1
4.100000 0.519615 1
3.900000 0.519615 1
3.700000 0.519615 1
3.500000 0.519615 1
3.300000 0.519615 1
3.100000 0.519615 1
2.899998 0.519616 1
2.699988 0.519620 1
2.499955 0.519628 1
2.299857 0.519655 1
2.099603 0.519737 1
1.899034 0.519963 1
1.697936 0.520501 1
1.496118 0.521652 1
1.293265 0.524131 1
1.087824 0.529184 1
0.876140 0.535483 1
0.668282 0.523908 1
0.519615 5.100000 2
5.100000 0.519615 2
0.743781 0.743251 1
0.714766 0.982336 1
0.701785 1.189739 1
0.697349 1.392592 1
0.695211 1.595436 1
0.693850 1.797657 1
0.693159 1.998944 1
0.692903 2.199569 1
0.692837 2.399840 1
0.692825 2.599946 1
0.692823 2.799984 1
0.692821 2.999996 1
0.692821 3.199999 1
0.692820 3.400000 1
0.692820 3.600000 1
0.692820 3.800000 1
0.692820 4.000000 1
0.692820 4.200000 1
0.692820 4.400000 1
0.692820 4.600000 1
0.692820 4.800000 1
0.692820 5.000000 2
5.000000 0.692820 2
4.800000 0.692820 1
4.600000 0.692820 1
4.400000 0.692820 1
4.200000 0.692820 1
4.000000 0.692820 1
3.800000 0.692820 1
3.600000 0.692820 1
3.400000 0.692820 1
3.199999 0.692821 1
2.999994 0.692823 1
2.799976 0.692830 1
2.599922 0.692849 1
2.399786 0.692890 1
2.199478 0.692994 1
1.998829 0.693274 1
1.797570 0.693937 1
1.595460 0.695187 1
1.392801 0.697140 1
1.190151 0.701374 1
0.982873 0.714229 1
0.904692 0.904113 1
0.875262 1.093654 1
0.872672 1.288373 1
0.871424 1.491271 1
0.868759 1.695209 1
0.867031 1.897566 1
0.866326 2.098787 1
0.866119 2.299415 1
0.866070 2.499735 1
0.866050 2.699891 1
0.866037 2.899961 1
0.866029 3.099989 1
0.866026 3.299998 1
0.866025 3.500000 1
0.866025 3.700000 1
0.866025 3.900000 1
0.866025 4.100000 1
0.866025 4.300000 1
0.866025 4.500000 1
0.866025 4.700000 1
0.866025 4.900000 1
4.900000 0.866025 1
4.700000 0.866025 1
4.500000 0.866025 1
4.300000 0.866025 1
4.100000 0.866025 1
3.900000 0.866025 1
3.700000 0.866025 1
3.500000 0.866025 1
3.299998 0.866026 1
3.099987 0.866030 1
2.899952 0.866046 1
2.699857 0.866084 1
2.499648 0.866157 1
2.299244 0.866290 1
2.098526 0.866586 1
1.897262 0.867335 1
1.694964 0.869005 1
1.491213 0.871483 1
1.288591 0.872455 1
1.094124 0.874793 1
0.866025 5.100000 2
5.100000 0.866025 2
1.018832 1.018379 1
1.041813 1.179793 1
1.051907 1.382795 1
1.045834 1.591803 1
1.041593 1.795566 1
1.040010 1.997238 1
1.039571 2.198299 1
1.039447 2.399035 1
1.039374 2.599509 1
1.039306 2.799782 1
1.039260 2.999919 1
1.039239 3.199976 1
1.039232 3.399995 1
1.039231 3.599999 1
1.039230 3.800000 1
1.039230 4.000000 1
1.039230 4.200000 1
1.039230 4.400000 1
1.039230 4.600000 1
1.039230 4.800000 1
1.039230 5.000000 2
5.000000 1.039230 2
4.800000 1.039230 1
4.600000 1.039230 1
4.400000 1.039230 1
4.200000 1.039230 1
4.000000 1.039230 1
3.800000 1.039230 1
3.599999 1.039230 1
3.399995 1.039232 1
3.199976 1.039239 1
2.999912 1.039267 1
2.799748 1.039341 1
2.599402 1.039480 1
2.398795 1.039687 1
2.197882 1.039987 1
1.996660 1.040587 1
1.794932 1.042226 1
1.591289 1.046349 1
1.382576 1.052126 1
1.179966 1.041640 1
1.255007 1.255433 1
1.227789 1.490121 1
1.216409 1.694494 1
1.213714 1.894848 1
1.213291 2.095873 1
1.213169 2.297191 1
1.213006 2.498325 1
1.212784 2.699132 1
1.212597 2.899615 1
1.212491 3.099857 1
1.212449 3.299958 1
1.212438 3.499990 1
1.212436 3.699999 1
1.212436 3.900000 1
1.212436 4.100000 1
1.212436 4.300000 1
1.212436 4.500000 1
1.212436 4.700000 1
1.212436 4.900000 1
4.900000 1.212436 1
4.700000 1.212436 1
4.500000 1.212436 1
4.300000 1.212436 1
4.100000 1.212436 1
3.900000 1.212436 1
3.699999 1.212436 1
3.499992 1.212437 1
3.299960 1.212447 1
3.099859 1.212489 1
2.899597 1.212616 1
2.699040 1.212877 1
2.498069 1.213261 1
2.296674 1.213685 1
2.095055 1.214109 1
1.893812 1.214750 1
1.693428 1.217475 1
1.489260 1.228650 1
1.212436 5.100000 2
5.100000 1.212436 2
1.413810 1.415033 1
1.386281 1.600956 1
1.385638 1.791814 1
1.387263 1.991152 1
1.387521 2.193173 1
1.387376 2.395406 1
1.386863 2.597319 1
1.386290 2.798646 1
1.385907 2.999408 1
1.385725 3.199780 1
1.385661 3.399933 1
1.385644 3.599984 1
1.385641 3.799997 1
1.385641 4.000000 1
1.385641 4.200000 1
1.385641 4.400000 1
1.385641 4.600000 1
1.385641 4.800000 1
1.385641 5.000000 1
5.000000 1.385641 1
4.800000 1.385641 1
4.600000 1.385641 1
4.400000 1.385641 1
4.200000 1.385641 1
4.000000 1.385641 1
3.799998 1.385641 1
3.599986 1.385643 1
3.399940 1.385655 1
3.199795 1.385710 1
2.999422 1.385893 1
2.798613 1.386324 1
2.597134 1.387048 1
2.394919 1.387862 1
2.192274 1.388420 1
1.989850 1.388565 1
1.790279 1.387172 1
1.599464 1.387774 1
1.385641 5.200000 2
5.200000 1.385641 2
1.526350 1.528089 1
1.549493 1.685172 1
1.562431 1.881507 1
1.562629 2.085799 1
1.563078 2.289425 1
1.562317 2.493238 1
1.560908 2.696254 1
1.559807 2.898145 1
1.559211 3.099183 1
1.558960 3.299690 1
1.558875 3.499902 1
1.558851 3.699975 1
1.558847 3.899996 1
1.558846 4.099999 1
1.558846 4.300000 1
1.558846 4.500000 1
1.558846 4.700000 1
1.558846 4.900000 1
1.558846 5.100000 1
5.100000 1.558846 1
4.900000 1.558846 1
4.700000 1.558846 1
4.500000 1.558846 1
4.300000 1.558846 1
4.099999 1.558846 1
3.899996 1.558846 1
3.699978 1.558849 1
3.499912 1.558864 1
3.299718 1.558932 1
3.099237 1.559158 1
2.898202 1.559751 1
2.696223 1.560940 1
2.492949 1.562607 1
2.288685 1.563819 1
2.084512 1.563916 1
1.879792 1.564146 1
1.683303 1.551363 1
1.558846 5.300000 2
5.300000 1.558846 2
1.753661 1.755524 1
1.736856 1.976105 1
1.740183 2.178912 1
1.740562 2.385413 1
1.737502 2.591534 1
1.734812 2.795401 1
1.733257 2.997668 1
1.732511 3.198942 1
1.732201 3.399587 1
1.732091 3.599865 1
1.732059 3.799964 1
1.732052 3.999993 1
1.732051 4.199999 1
1.732051 4.400000 1
1.732051 4.600000 1
1.732051 4.800000 1
1.732051 5.000000 1
1.732051 5.200000 2
5.200000 1.732051 2
5.000000 1.732051 1
4.800000 1.732051 1
4.600000 1.732051 1
4.400000 1.732051 1
4.199999 1.732051 1
3.999993 1.732051 1
3.799968 1.732056 1
3.599878 1.732077 1
3.399626 1.732161 1
3.199031 1.732421 1
2.997818 1.733107 1
2.795563 1.734651 1
2.591559 1.737477 1
2.385063 1.740912 1
2.177982 1.741112 1
1.974583 1.738378 1
1.888216 1.889735 1
1.914438 2.061578 1
1.925266 2.270957 1
1.917839 2.484147 1
1.911728 2.690839 1
1.908412 2.894665 1
1.906691 3.097172 1
1.905827 3.298693 1
1.905448 3.499480 1
1.905309 3.699824 1
1.905268 3.899951 1
1.905258 4.099989 1
1.905256 4.299998 1
1.905256 4.500000 1
1.905256 4.700000 1
1.905256 4.900000 1
1.905256 5.100000 1
5.100000 1.905256 2
4.900000 1.905256 1
4.700000 1.905256 1
4.500000 1.905256 1
4.299998 1.905256 1
4.099990 1.905257 1
3.899955 1.905264 1
3.699840 1.905293 1
3.499527 1.905400 1
3.298807 1.905713 1
3.097392 1.906471 1
2.894997 1.908081 1
2.691190 1.911376 1
2.484311 1.917675 1
2.270653 1.925570 1
2.060597 1.915418 1
1.905256 5.300000 2
2.135760 2.135899 1
2.104960 2.377002 1
2.090590 2.585908 1
2.085064 2.789966 1
2.082110 2.993779 1
2.080192 3.196719 1
2.079153 3.398481 1
2.078700 3.599380 1
2.078535 3.799781 1
2.078482 3.999936 1
2.078466 4.199985 1
2.078462 4.399997 1
2.078461 4.600000 1
2.078461 4.800000 1
2.078461 5.000000 1
2.078461 5.200000 2
5.000000 2.078461 1
4.800000 2.078461 1
4.600000 2.078461 1
4.399998 2.078462 1
4.199987 2.078465 1
3.999942 2.078475 1
3.799801 2.078515 1
3.599434 2.078646 1
3.398609 2.079026 1
3.196977 2.079934 1
2.994213 2.081675 1
2.790560 2.084471 1
2.586526 2.089971 1
2.377388 2.104573 1
5.200000 2.078461 2
2.297137 2.296457 1
2.266043 2.487662 1
2.262109 2.683799 1
2.259681 2.888058 1
2.256066 3.093198 1
2.253646 3.296485 1
2.252471 3.498326 1
2.251976 3.699291 1
2.251779 3.899743 1
2.251704 4.099922 1
2.251678 4.299981 1
2.251669 4.499996 1
2.251667 4.699999 1
2.251666 4.900000 1
2.251666 5.100000 2
5.100000 2.251666 2
4.900000 2.251666 1
4.700000 2.251666 1
4.499998 2.251667 1
4.299985 2.251673 1
4.099934 2.251692 1
3.899770 2.251751 1
3.699354 2.251912 1
3.498463 2.252333 1
3.296756 2.253375 1
3.093670 2.255594 1
2.888762 2.258976 1
2.684678 2.261230 1
2.488550 2.265155 1
2.411478 2.410436 1
2.433464 2.572872 1
2.442241 2.777406 1
2.434824 2.988160 1
2.429480 3.193494 1
2.426994 3.396388 1
2.425862 3.598193 1
2.425308 3.799222 1
2.425049 3.999711 1
2.424937 4.199905 1
2.424893 4.399971 1
2.424877 4.599992 1
2.424872 4.799998 1
2.424871 5.000000 1
5.000000 2.424871 2
4.799999 2.424871 1
4.599996 2.424873 1
4.399982 2.424882 1
4.199931 2.424911 1
3.999761 2.424999 1
3.799312 2.425218 1
3.598354 2.425700 1
3.396673 2.426709 1
3.193966 2.429008 1
2.988868 2.434115 1
2.778346 2.441301 1
2.573951 2.432385 1
2.424871 5.200000 2
2.648262 2.647236 1
2.619244 2.884385 1
2.606478 3.091104 1
2.602436 3.293624 1
2.600625 3.496181 1
2.599405 3.698123 1
2.598689 3.899182 1
2.598339 4.099661 1
2.598183 4.299863 1
2.598115 4.499947 1
2.598088 4.699982 1
2.598079 4.899995 1
2.598078 5.099999 2
4.899997 2.598078 2
4.699988 2.598081 1
4.499968 2.598094 1
4.299912 2.598133 1
4.099755 2.598246 1
3.899334 2.598537 1
3.698352 2.599176 1
3.496516 2.600291 1
3.294110 2.601950 1
3.091786 2.605796 1
2.885270 2.618359 1
2.808132 2.807213 1
2.779400 2.995999 1
2.777545 3.190280 1
2.776947 3.392756 1
2.774630 3.596229 1
2.772931 3.798154 1
2.772066 3.999056 1
2.771655 4.199502 1
2.771452 4.399749 1
2.771350 4.599888 1
2.771303 4.799959 1
2.771289 4.999989 1
4.799970 2.771295 2
4.599919 2.771318 1
4.399827 2.771373 1
4.199659 2.771497 1
3.999314 2.771808 1
3.798517 2.772568 1
3.596696 2.774163 1
3.393331 2.776373 1
3.190976 2.776849 1
2.996826 2.778574 1
2.771296 5.200000 2
2.922392 2.921528 1
2.946249 3.082691 1
2.957400 3.285266 1
2.952061 3.493652 1
2.948034 3.696757 1
2.946264 3.897863 1
2.945481 4.098550 1
2.945043 4.299105 1
2.944766 4.499521 1
2.944603 4.699786 1
2.944527 4.899924 1
2.944517 5.099982 2
4.699821 2.944566 2
4.499619 2.944663 1
4.299323 2.944820 1
4.098934 2.945094 1
3.898422 2.945704 1
3.697459 2.947331 1
3.494440 2.951274 1
3.286091 2.956575 1
3.083534 2.945406 1
3.160048 3.159053 1
3.134210 3.392973 1
3.123370 3.596509 1
3.120593 3.796051 1
3.119744 3.996455 1
3.119122 4.197420 1
3.118584 4.398415 1
3.118154 4.599186 1
3.117883 4.799658 1
3.117774 4.999887 1
4.599276 3.118035 1
4.398651 3.118316 1
4.197893 3.118627 1
3.997207 3.118982 1
3.797036 3.119605 1
3.597621 3.122257 1
3.394090 3.133093 1
3.117818 5.199984 2
4.799702 3.117842 2
3.320134 3.318774 1
3.293481 3.503857 1
3.292979 3.693779 1
3.294220 3.892272 1
3.293897 4.093745 1
3.293229 4.295729 1
3.292369 4.497565 1
3.291625 4.698853 1
3.291190 4.899559 1
3.291081 5.099869 2
4.698908 3.291465 2
4.497745 3.292047 1
4.296191 3.292655 1
4.094584 3.292998 1
3.893475 3.292995 1
3.695218 3.291535 1
3.505338 3.292000 1
3.433333 3.431665 1
3.456739 3.587969 1
3.469515 3.783359 1
3.469277 3.986945 1
3.469207 4.190248 1
3.468053 4.393979 1
3.466382 4.596951 1
3.465122 4.798721 1
3.464505 4.999568 1
4.596994 3.465860 1
4.394298 3.467295 1
4.191016 3.468174 1
3.988198 3.467917 1
3.784965 3.467881 1
3.589710 3.454995 1
3.464505 5.199877 2
4.798752 3.464832 2
3.660070 3.658274 1
3.643328 3.878004 1
3.646447 4.080515 1
3.646656 4.287077 1
3.643370 4.493326 1
3.640344 4.697091 1
3.638500 4.898977 1
3.637753 5.099737 2
4.696891 3.639292 1
4.493366 3.641963 1
4.287665 3.645133 1
4.081683 3.644882 1
3.879602 3.641633 1
4.899042 3.637994 2
3.794060 3.792303 1
3.820471 3.964051 1
3.831830 4.173845 1
3.824738 4.387755 1
3.818118 4.594825 1
3.813838 4.798208 1
3.811523 4.999689 2
4.797530 3.811940 2
4.594291 3.815134 1
4.388085 3.821581 1
4.175085 3.829355 1
3.965717 3.818590 1
4.042418 4.039702 1
4.013954 4.282567 1
3.999677 4.493560 1
3.991608 4.698021 1
3.986436 4.900120 1
4.696011 3.986255 2
4.493102 3.992536 1
4.284352 4.008356 1
3.983922 5.100821 2
4.208342 4.202204 1
4.182033 4.398869 1
4.173604 4.599751 1
4.162862 4.802161 1
4.158014 5.002370 2
4.595987 4.159571 1
4.400958 4.167648 1
4.796943 4.157049 2
4.331014 4.318569 1
4.371658 4.498763 1
4.339408 4.709141 1
4.332259 4.905314 1
4.694493 4.329161 2
4.496460 4.328167 1
4.329537 5.104638 2
4.496521 4.641739 1
4.503991 4.810073 1
4.502879 5.005909 2
4.588579 4.498978 2
4.682240 4.694730 2
4.673819 4.906794 3
 0 1 2
 2 3 4
 4 5 6
 6 7 8
 8 9 10
 10 11 12
 12 13 14
 14 15 16
 16 17 18
 18 19 20
 20 21 22
 22 23 24
 24 25 26
 26 27 28
 28 29 30
 30 31 32
 32 33 34
 34 35 36
 36 37 38
 38 39 40
 40 41 42
 42 43 44
 44 45 46
 46 47 48
 48 49 50
 51 52 53
 54 51 55
 56 54 57
 58 56 59
 60 58 61
 62 60 63
 64 62 65
 66 64 67
 68 66 69
 70 68 71
 72 70 73
 74 72 75
 76 74 77
 78 76 79
 80 78 81
 82 80 83
 84 82 85
 86 84 87
 88 86 89
 90 88 91
 92 90 93
 94 92 95
 96 94 97
 98 96 99
 100 98 101
 0 100 1
 2 1 102
 4 3 5
 2 102 3
 6 5 7
 8 7 9
 10 9 11
 12 11 13
 14 13 15
 16 15 17
 18 17 19
 20 19 21
 22 21 23
 24 23 25
 26 25 27
 28 27 29
 30 29 31
 32 31 33
 34 33 35
 36 35 37
 38 37 39
 40 39 41
 42 41 43
 44 43 45
 46 45 47
 48 47 49
 103 50 49
 51 53 55
 54 55 57
 56 57 59
 58 59 61
 60 61 63
 62 63 65
 64 65 67
 66 67 69
 68 69 71
 70 71 73
 72 73 75
 74 75 77
 76 77 79
 78 79 81
 80 81 83
 82 83 85
 84 85 87
 86 87 89
 88 89 91
 90 91 93
 92 93 95
 94 95 97
 96 97 99
 98 99 101
 100 101 102
 1 100 102
 104 5 3
 102 101 3
 105 7 5
 106 9 7
 107 11 9
 108 13 11
 109 15 13
 110 17 15
 111 19 17
 112 21 19
 113 23 21
 114 25 23
 115 27 25
 116 29 27
 117 31 29
 118 33 31
 119 35 33
 120 37 35
 37 121 39
 39 122 41
 41 123 43
 43 124 45
 45 125 47
 47 126 49
 103 49 127
 55 53 128
 129 57 55
 130 59 57
 131 61 59
 132 63 61
 133 65 63
 67 65 134
 69 67 135
 71 69 136
 73 71 137
 75 73 138
 77 75 139
 79 77 140
 81 79 141
 83 81 142
 85 83 143
 87 85 144
 89 87 145
 91 89 146
 93 91 147
 95 93 148
 97 95 149
 97 150 99
 99 104 101
 101 104 3
 104 105 5
 105 106 7
 106 107 9
 107 108 11
 108 109 13
 109 110 15
 110 111 17
 111 112 19
 112 113 21
 113 114 23
 114 115 25
 115 116 27
 116 117 29
 117 118 31
 118 119 33
 119 120 35
 37 120 121
 39 121 122
 41 122 123
 43 123 124
 45 124 125
 47 125 126
 127 49 126
 55 128 129
 130 57 129
 131 59 130
 132 61 131
 133 63 132
 134 65 133
 67 134 135
 69 135 136
 71 136 137
 73 137 138
 75 138 139
 77 139 140
 79 140 141
 81 141 142
 83 142 143
 85 143 144
 87 144 145
 89 145 146
 91 146 147
 93 147 148
 95 148 149
 97 149 150
 150 104 99
 151 105 104
 152 106 105
 153 107 106
 154 108 107
 155 109 108
 156 110 109
 157 111 110
 158 112 111
 159 113 112
 160 114 113
 161 115 114
 162 116 115
 163 117 116
 117 164 118
 118 165 119
 119 166 120
 120 167 121
 122 121 168
 123 122 169
 124 123 170
 125 124 171
 126 125 172
 173 127 126
 128 174 129
 129 175 130
 130 176 131
 131 177 132
 132 178 133
 179 134 133
 180 135 134
 181 136 135
 137 136 182
 183 138 137
 139 138 184
 140 139 185
 141 140 186
 141 187 142
 143 142 188
 144 143 189
 145 144 190
 146 145 191
 147 146 192
 148 147 193
 148 194 149
 150 149 195
 150 151 104
 151 152 105
 152 153 106
 153 154 107
 154 155 108
 155 156 109
 156 157 110
 157 158 111
 158 159 112
 159 160 113
 160 161 114
 161 162 115
 162 163 116
 117 163 164
 118 164 165
 119 165 166
 120 166 167
 168 121 167
 169 122 168
 170 123 169
 171 124 170
 172 125 171
 172 173 126
 196 127 173
 128 197 174
 174 175 129
 175 176 130
 176 177 131
 177 178 132
 178 179 133
 180 134 179
 181 135 180
 182 136 181
 137 182 183
 184 138 183
 139 184 185
 140 185 186
 141 186 187
 187 188 142
 143 188 189
 144 189 190
 145 190 191
 146 191 192
 147 192 193
 148 193 194
 194 195 149
 150 195 151
 151 195 152
 198 153 152
 199 154 153
 200 155 154
 201 156 155
 157 156 202
 203 158 157
 204 159 158
 205 160 159
 206 161 160
 161 207 162
 162 208 163
 163 209 164
 165 164 210
 166 165 211
 167 166 212
 168 167 213
 214 169 168
 215 170 169
 216 171 170
 217 172 171
 173 172 218
 196 173 219
 174 197 220
 175 174 221
 176 175 222
 177 176 223
 178 177 224
 179 178 225
 179 226 180
 180 227 181
 181 228 182
 182 229 183
 230 184 183
 231 185 184
 232 186 185
 186 233 187
 188 187 234
 189 188 235
 190 189 236
 237 191 190
 192 191 238
 193 192 239
 193 240 194
 195 194 198
 195 198 152
 198 199 153
 199 200 154
 200 201 155
 202 156 201
 202 203 157
 203 204 158
 204 205 159
 205 206 160
 161 206 207
 162 207 208
 163 208 209
 210 164 209
 211 165 210
 212 166 211
 213 167 212
 213 214 168
 214 215 169
 215 216 170
 216 217 171
 218 172 217
 219 173 218
 174 220 221
 175 221 222
 176 222 223
 177 223 224
 178 224 225
 179 225 226
 226 227 180
 227 228 181
 228 229 182
 229 230 183
 231 184 230
 232 185 231
 233 186 232
 233 234 187
 188 234 235
 189 235 236
 190 236 237
 238 191 237
 192 238 239
 193 239 240
 240 198 194
 241 199 198
 242 200 199
 243 201 200
 244 202 201
 245 203 202
 203 246 204
 204 247 205
 205 248 206
 207 206 249
 208 207 250
 209 208 251
 252 210 209
 253 211 210
 254 212 211
 255 213 212
 214 213 256
 215 214 257
 216 215 258
 217 216 259
 218 217 260
 219 218 261
 220 262 221
 221 263 222
 222 264 223
 223 265 224
 266 225 224
 226 225 267
 226 268 227
 228 227 269
 229 228 270
 230 229 271
 230 272 231
 231 273 232
 232 274 233
 275 234 233
 276 235 234
 277 236 235
 237 236 278
 238 237 279
 239 238 280
 240 239 281
 240 241 198
 241 242 199
 242 243 200
 243 244 201
 244 245 202
 203 245 246
 204 246 247
 205 247 248
 249 206 248
 250 207 249
 251 208 250
 251 252 209
 252 253 210
 253 254 211
 254 255 212
 256 213 255
 257 214 256
 258 215 257
 259 216 258
 260 217 259
 261 218 260
 282 219 261
 283 262 220
 262 263 221
 263 264 222
 264 265 223
 265 266 224
 267 225 266
 226 267 268
 268 269 227
 228 269 270
 229 270 271
 230 271 272
 272 273 231
 273 274 232
 274 275 233
 276 234 275
 277 235 276
 278 236 277
 237 278 279
 238 279 280
 239 280 281
 240 281 241
 241 284 242
 285 243 242
 243 286 244
 244 287 245
 245 288 246
 247 246 289
 248 247 290
 291 249 248
 292 250 249
 251 250 293
 294 252 251
 252 295 253
 254 253 296
 255 254 297
 256 255 298
 257 256 299
 258 257 300
 259 258 301
 302 260 259
 303 261 260
 282 261 304
 283 305 262
 263 262 306
 263 307 264
 264 308 265
 265 309 266
 266 310 267
 267 311 268
 268 312 269
 269 313 270
 314 271 270
 272 271 315
 316 273 272
 274 273 317
 275 274 318
 275 319 276
 320 277 276
 321 278 277
 322 279 278
 280 279 323
 281 280 324
 241 281 284
 284 285 242
 243 285 286
 244 286 287
 245 287 288
 289 246 288
 290 247 289
 290 291 248
 291 292 249
 293 250 292
 293 294 251
 252 294 295
 296 253 295
 297 254 296
 298 255 297
 299 256 298
 300 257 299
 301 258 300
 301 302 259
 302 303 260
 304 261 303
 305 306 262
 263 306 307
 307 308 264
 308 309 265
 309 310 266
 310 311 267
 311 312 268
 312 313 269
 313 314 270
 315 271 314
 272 315 316
 317 273 316
 274 317 318
 275 318 319
 319 320 276
 321 277 320
 322 278 321
 323 279 322
 280 323 324
 281 324 284
 324 285 284
 285 325 286
 286 326 287
 288 287 327
 328 289 288
 289 329 290
 330 291 290
 291 331 292
 293 292 332
 294 293 333
 295 294 334
 296 295 335
 297 296 336
 298 297 337
 338 299 298
 300 299 339
 301 300 340
 302 301 341
 303 302 342
 304 303 343
 305 344 306
 306 345 307
 307 346 308
 347 309 308
 310 309 348
 311 310 349
 311 350 312
 312 351 313
 313 352 314
 314 353 315
 315 354 316
 316 355 317
 356 318 317
 319 318 357
 320 319 358
 321 320 359
 321 360 322
 323 322 361
 325 324 323
 285 324 325
 286 325 326
 327 287 326
 327 328 288
 289 328 329
 329 330 290
 291 330 331
 332 292 331
 333 293 332
 334 294 333
 335 295 334
 336 296 335
 337 297 336
 337 338 298
 339 299 338
 340 300 339
 341 301 340
 342 302 341
 343 303 342
 362 304 343
 344 305 363
 344 345 306
 345 346 307
 346 347 308
 348 309 347
 310 348 349
 311 349 350
 350 351 312
 351 352 313
 352 353 314
 353 354 315
 354 355 316
 355 356 317
 357 318 356
 319 357 358
 320 358 359
 321 359 360
 360 361 322
 323 361 325
 326 325 364
 365 327 326
 366 328 327
 328 367 329
 330 329 368
 331 330 369
 332 331 370
 333 332 371
 334 333 372
 373 335 334
 335 374 336
 337 336 375
 338 337 376
 339 338 377
 340 339 378
 379 341 340
 380 342 341
 381 343 342
 382 362 343
 363 383 344
 344 384 345
 346 345 385
 346 386 347
 347 387 348
 348 388 349
 349 389 350
 350 390 351
 391 352 351
 353 352 392
 353 393 354
 354 394 355
 355 395 356
 356 396 357
 357 397 358
 398 359 358
 360 359 399
 361 360 400
 364 325 361
 364 365 326
 365 366 327
 328 366 367
 368 329 367
 369 330 368
 370 331 369
 371 332 370
 372 333 371
 372 373 334
 335 373 374
 375 336 374
 376 337 375
 377 338 376
 378 339 377
 378 379 340
 379 380 341
 380 381 342
 381 382 343
 382 401 362
 402 383 363
 383 384 344
 384 385 345
 346 385 386
 386 387 347
 387 388 348
 388 389 349
 389 390 350
 390 391 351
 392 352 391
 353 392 393
 393 394 354
 394 395 355
 395 396 356
 396 397 357
 397 398 358
 399 359 398
 360 399 400
 361 400 364
 364 403 365
 365 404 366
 367 366 405
 368 367 406
 369 368 407
 408 370 369
 370 409 371
 372 371 410
 373 372 411
 374 373 412
 375 374 413
 414 376 375
 377 376 415
 377 416 378
 417 379 378
 418 380 379
 419 381 380
 420 382 381
 401 382 421
 383 402 422
 384 383 423
 385 384 424
 386 385 425
 426 387 386
 388 387 427
 388 428 389
 390 389 429
 390 430 391
 431 392 391
 392 432 393
 393 433 394
 434 395 394
 395 435 396
 396 436 397
 397 437 398
 438 399 398
 439 400 399
 364 400 403
 365 403 404
 405 366 404
 406 367 405
 407 368 406
 407 408 369
 370 408 409
 410 371 409
 411 372 410
 412 373 411
 413 374 412
 413 414 375
 415 376 414
 377 415 416
 416 417 378
 417 418 379
 418 419 380
 419 420 381
 421 382 420
 421 440 401
 422 402 441
 423 383 422
 384 423 424
 385 424 425
 386 425 426
 427 387 426
 388 427 428
 428 429 389
 390 429 430
 430 431 391
 432 392 431
 432 433 393
 433 434 394
 435 395 434
 435 436 396
 436 437 397
 437 438 398
 439 399 438
 403 400 439
 403 439 404
 405 404 442
 406 405 443
 406 444 407
 408 407 445
 408 446 409
 410 409 447
 448 411 410
 412 411 449
 450 413 412
 451 414 413
 452 415 414
 415 453 416
 416 454 417
 417 455 418
 418 456 419
 419 457 420
 421 420 458
 459 440 421
 422 441 460
 423 422 461
 462 424 423
 463 425 424
 464 426 425
 465 427 426
 427 466 428
 429 428 467
 430 429 468
 431 430 469
 431 470 432
 433 432 471
 433 472 434
 435 434 473
 435 474 436
 475 437 436
 476 438 437
 438 442 439
 442 404 439
 443 405 442
 406 443 444
 445 407 444
 408 445 446
 447 409 446
 447 448 410
 449 411 448
 449 450 412
 450 451 413
 451 452 414
 415 452 453
 416 453 454
 417 454 455
 418 455 456
 419 456 457
 458 420 457
 458 459 421
 461 422 460
 423 461 462
 463 424 462
 464 425 463
 465 426 464
 466 427 465
 466 467 428
 429 467 468
 430 468 469
 431 469 470
 470 471 432
 433 471 472
 472 473 434
 435 473 474
 474 475 436
 476 437 475
 442 438 476
 442 477 443
 444 443 478
 445 444 479
 480 446 445
 447 446 481
 482 448 447
 483 449 448
 450 449 484
 450 485 451
 451 486 452
 452 487 453
 488 454 453
 489 455 454
 455 490 456
 456 491 457
 457 492 458
 458 493 459
 461 460 494
 462 461 495
 496 463 462
 463 497 464
 465 464 498
 499 466 465
 500 467 466
 501 468 467
 502 469 468
 469 503 470
 471 470 504
 472 471 505
 472 506 473
 474 473 507
 508 475 474
 475 509 476
 442 476 477
 478 443 477
 479 444 478
 479 480 445
 481 446 480
 481 482 447
 482 483 448
 484 449 483
 450 484 485
 451 485 486
 452 486 487
 487 488 453
 488 489 454
 455 489 490
 456 490 491
 457 491 492
 458 492 493
 510 459 493
 461 494 495
 462 495 496
 497 463 496
 497 498 464
 465 498 499
 500 466 499
 501 467 500
 502 468 501
 503 469 502
 503 504 470
 471 504 505
 472 505 506
 506 507 473
 474 507 508
 509 475 508
 509 477 476
 477 509 478
 511 479 478
 512 480 479
 513 481 480
 482 481 514
 482 515 483
 483 516 484
 484 517 485
 518 486 485
 486 519 487
 487 520 488
 488 521 489
 490 489 522
 490 523 491
 491 524 492
 493 492 525
 493 526 510
 495 494 527
 496 495 528
 496 529 497
 530 498 497
 531 499 498
 500 499 532
 501 500 533
 502 501 534
 535 503 502
 536 504 503
 505 504 537
 505 538 506
 507 506 539
 507 540 508
 509 508 511
 509 511 478
 511 512 479
 512 513 480
 514 481 513
 482 514 515
 483 515 516
 484 516 517
 517 518 485
 486 518 519
 487 519 520
 488 520 521
 522 489 521
 490 522 523
 491 523 524
 525 492 524
 493 525 526
 527 494 541
 495 527 528
 496 528 529
 529 530 497
 531 498 530
 532 499 531
 500 532 533
 501 533 534
 502 534 535
 536 503 535
 537 504 536
 505 537 538
 538 539 506
 507 539 540
 540 511 508
 542 512 511
 513 512 543
 513 544 514
 514 545 515
 546 516 515
 547 517 516
 517 548 518
 518 549 519
 519 550 520
 521 520 551
 521 552 522
 553 523 522
 554 524 523
 555 525 524
 526 525 556
 541 557 527
 528 527 558
 528 559 529
 560 530 529
 561 531 530
 531 562 532
 532 563 533
 564 534 533
 565 535 534
 536 535 566
 537 536 567
 568 538 537
 569 539 538
 539 570 540
 540 542 511
 543 512 542
 513 543 544
 514 544 545
 545 546 515
 546 547 516
 517 547 548
 518 548 549
 519 549 550
 551 520 550
 521 551 552
 552 553 522
 553 554 523
 554 555 524
 556 525 555
 557 558 527
 528 558 559
 559 560 529
 561 530 560
 562 531 561
 562 563 532
 563 564 533
 565 534 564
 566 535 565
 536 566 567
 537 567 568
 569 538 568
 570 539 569
 570 542 540
 571 543 542
 543 572 544
 573 545 544
 545 574 546
 546 575 547
 548 547 576
 548 577 549
 578 550 549
 579 551 550
 551 580 552
 552 581 553
 553 582 554
 554 583 555
 555 584 556
 558 557 585
 586 559 558
 587 560 559
 588 561 560
 562 561 589
 563 562 590
 591 564 563
 592 565 564
 565 593 566
 594 567 566
 595 568 567
 568 596 569
 597 570 569
 570 571 542
 543 571 572
 572 573 544
 545 573 574
 546 574 575
 576 547 575
 548 576 577
 577 578 549
 578 579 550
 551 579 580
 552 580 581
 553 581 582
 554 582 583
 555 583 584
 598 556 584
 558 585 586
 587 559 586
 588 560 587
 589 561 588
 562 589 590
 563 590 591
 592 564 591
 593 565 592
 593 594 566
 595 567 594
 596 568 595
 596 597 569
 571 570 597
 571 597 572
 572 599 573
 574 573 600
 574 601 575
 575 602 576
 603 577 576
 577 604 578
 578 605 579
 579 606 580
 607 581 580
 581 608 582
 582 609 583
 610 584 583
 584 611 598
 612 586 585
 613 587 586
 588 587 614
 615 589 588
 616 590 589
 617 591 590
 618 592 591
 592 619 593
 620 594 593
 621 595 594
 622 596 595
 599 597 596
 572 597 599
 600 573 599
 574 600 601
 575 601 602
 602 603 576
 577 603 604
 578 604 605
 579 605 606
 606 607 580
 581 607 608
 582 608 609
 609 610 583
 584 610 611
 613 586 612
 614 587 613
 588 614 615
 616 589 615
 617 590 616
 618 591 617
 619 592 618
 619 620 593
 621 594 620
 622 595 621
 599 596 622
 599 623 600
 600 624 601
 601 625 602
 602 626 603
 603 627 604
 604 628 605
 605 629 606
 606 630 607
 631 608 607
 632 609 608
 610 609 633
 610 634 611
 613 612 635
 614 613 636
 637 615 614
 616 615 638
 639 617 616
 640 618 617
 641 619 618
 642 620 619
 643 621 620
 644 622 621
 599 622 623
 600 623 624
 601 624 625
 602 625 626
 603 626 627
 604 627 628
 605 628 629
 606 629 630
 630 631 607
 631 632 608
 633 609 632
 610 633 634
 634 645 611
 613 635 636
 614 636 637
 638 615 637
 616 638 639
 640 617 639
 641 618 640
 642 619 641
 643 620 642
 644 621 643
 623 622 644
 624 623 646
 624 647 625
 625 648 626
 626 649 627
 627 650 628
 628 651 629
 630 629 652
 653 631 630
 654 632 631
 633 632 655
 634 633 656
 657 645 634
 636 635 658
 637 636 659
 637 660 638
 638 661 639
 640 639 662
 663 641 640
 664 642 641
 643 642 665
 666 644 643
 646 623 644
 624 646 647
 625 647 648
 626 648 649
 627 649 650
 628 650 651
 652 629 651
 652 653 630
 653 654 631
 655 632 654
 656 633 655
 656 657 634
 636 658 659
 637 659 660
 660 661 638
 661 662 639
 640 662 663
 664 641 663
 665 642 664
 643 665 666
 646 644 666
 646 666 647
 647 667 648
 649 648 668
 650 649 669
 670 651 650
 671 652 651
 653 652 672
 673 654 653
 655 654 674
 656 655 675
 656 676 657
 659 658 677
 660 659 678
 660 679 661
 661 680 662
 663 662 681
 663 682 664
 665 664 683
 667 666 665
 647 666 667
 668 648 667
 669 649 668
 669 670 650
 670 671 651
 672 652 671
 672 673 653
 674 654 673
 675 655 674
 656 675 676
 684 657 676
 685 677 658
 659 677 678
 660 678 679
 679 680 661
 680 681 662
 663 681 682
 682 683 664
 665 683 667
 686 668 667
 687 669 668
 670 669 688
 689 671 670
 672 671 690
 672 691 673
 692 674 673
 675 674 693
 694 676 675
 676 695 684
 685 696 677
 678 677 697
 679 678 698
 679 699 680
 681 680 700
 701 682 681
 683 682 702
 683 686 667
 686 687 668
 688 669 687
 688 689 670
 690 671 689
 672 690 691
 691 692 673
 693 674 692
 693 694 675
 676 694 695
 696 697 677
 678 697 698
 679 698 699
 699 700 680
 681 700 701
 702 682 701
 683 702 686
 703 687 686
 704 688 687
 689 688 705
 706 690 689
 691 690 707
 691 708 692
 709 693 692
 710 694 693
 695 694 711
 697 696 712
 698 697 713
 698 714 699
 700 699 715
 701 700 716
 701 717 702
 702 703 686
 703 704 687
 705 688 704
 705 706 689
 707 690 706
 691 707 708
 708 709 692
 709 710 693
 711 694 710
 718 695 711
 696 719 712
 697 712 713
 698 713 714
 714 715 699
 700 715 716
 701 716 717
 717 703 702
 704 703 717
 720 705 704
 706 705 721
 722 707 706
 723 708 707
 708 724 709
 709 725 710
 710 726 711
 718 711 727
 728 712 719
 729 713 712
 713 730 714
 715 714 731
 732 716 715
 717 716 720
 717 720 704
 721 705 720
 721 722 706
 722 723 707
 708 723 724
 709 724 725
 710 725 726
 727 711 726
 728 719 733
 729 712 728
 730 713 729
 730 731 714
 715 731 732
 720 716 732
 720 734 721
 735 722 721
 723 722 736
 723 737 724
 725 724 738
 739 726 725
 726 740 727
 733 741 728
 742 729 728
 743 730 729
 744 731 730
 732 731 745
 720 732 734
 734 735 721
 736 722 735
 723 736 737
 738 724 737
 738 739 725
 726 739 740
 741 742 728
 743 729 742
 744 730 743
 745 731 744
 732 745 734
 745 735 734
 735 746 736
 747 737 736
 737 748 738
 738 749 739
 739 750 740
 742 741 751
 742 752 743
 753 744 743
 746 745 744
 735 745 746
 746 747 736
 737 747 748
 738 748 749
 739 749 750
 740 750 754
 742 751 752
 752 753 743
 746 744 753
 747 746 755
 747 756 748
 749 748 757
 750 749 758
 754 750 759
 760 752 751
 753 752 761
 755 746 753
 747 755 756
 757 748 756
 758 749 757
 759 750 758
 762 760 751
 761 752 760
 753 761 755
 755 763 756
 757 756 764
 758 757 765
 759 758 766
 762 767 760
 768 761 760
 755 761 763
 764 756 763
 765 757 764
 766 758 765
 766 769 759
 767 768 760
 763 761 768
 768 764 763
 770 765 764
 766 765 771
 772 769 766
 767 773 768
 773 764 768
 773 770 764
 771 765 770
 771 772 766
 773 774 770
 774 771 770
 771 775 772
 771 774 775
 28
 775 774 773 767 762 751 741 733 719 696 685 658 635 612 585 557 541 494 460 441 402 363 305 283 220 197 128 53
 0
 27
 775 772 769 759 754 740 727 718 695 684 657 645 611 598 556 526 510 459 440 401 362 304 282 219 196 127 103
 0
