776 1441
5.300000 9.826795 1
5.400000 10.000000 0
5.200000 10.000000 0
5.500000 9.826795 1
5.600000 10.000000 0
5.700000 9.826795 1
5.800000 10.000000 0
5.900000 9.826795 1
6.000000 10.000000 0
6.100000 9.826795 1
6.200000 10.000000 0
6.300000 9.826795 1
6.400000 10.000000 0
6.500000 9.826795 1
6.600000 10.000000 0
6.700000 9.826795 1
6.800000 10.000000 0
6.900000 9.826795 1
7.000000 10.000000 0
7.100000 9.826795 1
7.200000 10.000000 0
7.300000 9.826795 1
7.400000 10.000000 0
7.500000 9.826796 1
7.600000 10.000000 0
7.700002 9.826799 1
7.800000 10.000000 0
7.900011 9.826811 1
8.000000 10.000000 0
8.100041 9.826840 1
8.200000 10.000000 0
8.300128 9.826893 1
8.400000 10.000000 0
8.500334 9.826964 1
8.600000 10.000000 0
8.700749 9.827041 1
8.800000 10.000000 0
8.901427 9.827153 1
9.000000 10.000000 0
9.102324 9.827316 1
9.200000 10.000000 0
9.303625 9.827213 1
9.400000 10.000000 0
9.507698 9.826240 1
9.600000 10.000000 0
9.707205 9.840112 1
9.800000 10.000000 0
9.868964 9.869840 1
10.000000 10.000000 0
10.000000 9.800000 0
9.837681 9.709203 1
10.000000 9.600000 0
9.820952 9.509867 1
10.000000 9.400000 0
9.820171 9.304181 1
10.000000 9.200000 0
9.821795 9.101304 1
10.000000 9.000000 0
9.824164 8.900148 1
10.000000 8.800000 0
9.825560 8.699957 1
10.000000 8.600000 0
9.826258 8.499968 1
10.000000 8.400000 0
9.826588 8.299988 1
10.000000 8.200000 0
9.826729 8.099998 1
10.000000 8.000000 0
9.826778 7.900001 1
10.000000 7.800000 0
9.826792 7.700001 1
10.000000 7.600000 0
9.826795 7.500000 1
10.000000 7.400000 0
9.826795 7.300000 1
10.000000 7.200000 0
9.826795 7.100000 1
10.000000 7.000000 0
9.826795 6.900000 1
10.000000 6.800000 0
9.826795 6.700000 1
10.000000 6.600000 0
9.826795 6.500000 1
10.000000 6.400000 0
9.826795 6.300000 1
10.000000 6.200000 0
9.826795 6.100000 1
10.000000 6.000000 0
9.826795 5.900000 1
10.000000 5.800000 0
9.826795 5.700000 1
10.000000 5.600000 0
9.826795 5.500000 1
10.000000 5.400000 0
9.826795 5.300000 1
10.000000 5.200000 0
9.826795 5.100000 1
10.000000 5.000000 0
9.826795 4.900000 2
10.000000 4.800000 0
5.100000 9.826795 2
5.200000 9.653590 1
5.400000 9.653590 1
5.600000 9.653590 1
5.800000 9.653590 1
6.000000 9.653590 1
6.200000 9.653590 1
6.400000 9.653590 1
6.600000 9.653590 1
6.800000 9.653590 1
7.000000 9.653590 1
7.200000 9.653590 1
7.400001 9.653591 1
7.600004 9.653597 1
7.800018 9.653618 1
8.000062 9.653674 1
8.200181 9.653785 1
8.400465 9.653945 1
8.601070 9.654096 1
8.802207 9.654192 1
9.003881 9.654489 1
9.205553 9.655162 1
9.406587 9.654738 1
9.629012 9.635622 1
9.638646 9.410381 1
9.639001 9.203550 1
9.646443 8.999763 1
9.650084 8.799567 1
9.651889 8.599755 1
9.652842 8.399879 1
9.653315 8.199951 1
9.653508 7.999991 1
9.653569 7.800005 1
9.653584 7.600005 1
9.653588 7.400002 1
9.653589 7.200001 1
9.653590 7.000000 1
9.653590 6.800000 1
9.653590 6.600000 1
9.653590 6.400000 1
9.653590 6.200000 1
9.653590 6.000000 1
9.653590 5.800000 1
9.653590 5.600000 1
9.653590 5.400000 1
9.653590 5.200000 1
9.653590 5.000000 2
5.000000 9.653590 2
5.100000 9.480385 2
5.300000 9.480385 1
5.500000 9.480385 1
5.700000 9.480385 1
5.900000 9.480385 1
6.100000 9.480385 1
6.300000 9.480385 1
6.500000 9.480385 1
6.700000 9.480385 1
6.900000 9.480385 1
7.100000 9.480385 1
7.300002 9.480387 1
7.500010 9.480394 1
7.700032 9.480425 1
7.900091 9.480510 1
8.100234 9.480691 1
8.300544 9.480989 1
8.501161 9.481326 1
8.702361 9.481443 1
8.904716 9.481133 1
9.107935 9.482063 1
9.309589 9.485273 1
9.484353 9.499175 1
9.437746 9.309972 1
9.467803 9.095390 1
9.473907 8.897997 1
9.476659 8.699073 1
9.478454 8.499472 1
9.479591 8.299726 1
9.480122 8.099918 1
9.480307 7.900009 1
9.480357 7.700027 1
9.480372 7.500017 1
9.480380 7.300006 1
9.480384 7.100001 1
9.480385 6.900000 1
9.480385 6.700000 1
9.480385 6.500000 1
9.480385 6.300000 1
9.480385 6.100000 1
9.480385 5.900000 1
9.480385 5.700000 1
9.480385 5.500000 1
9.480385 5.300000 1
9.480385 5.100000 1
9.480385 4.900000 2
5.200000 9.307179 2
5.400000 9.307179 1
5.600000 9.307179 1
5.800000 9.307179 1
6.000000 9.307179 1
6.200000 9.307179 1
6.400000 9.307179 1
6.600000 9.307179 1
6.800000 9.307179 1
7.000001 9.307179 1
7.200006 9.307181 1
7.400021 9.307189 1
7.600062 9.307224 1
7.800154 9.307332 1
8.000341 9.307586 1
8.200694 9.308045 1
8.401299 9.308702 1
8.602229 9.309296 1
8.803866 9.308906 1
9.008959 9.305711 1
9.215408 9.310452 1
9.308238 9.165133 1
9.299490 8.995043 1
9.300645 8.797984 1
9.302873 8.598524 1
9.305339 8.398994 1
9.306558 8.199627 1
9.306973 8.000001 1
9.307079 7.800108 1
9.307117 7.600085 1
9.307146 7.400040 1
9.307167 7.200013 1
9.307177 7.000003 1
9.307179 6.800000 1
9.307179 6.600000 1
9.307179 6.400000 1
9.307179 6.200000 1
9.307179 6.000000 1
9.307179 5.800000 1
9.307179 5.600000 1
9.307179 5.400000 1
9.307179 5.200000 1
9.307179 5.000000 2
5.300000 9.133975 1
5.500000 9.133975 1
5.700000 9.133975 1
5.900000 9.133975 1
6.100000 9.133975 1
6.300000 9.133975 1
6.500000 9.133975 1
6.700000 9.133975 1
6.900002 9.133974 1
7.100012 9.133974 1
7.300042 9.133979 1
7.500120 9.134007 1
7.700280 9.134119 1
7.900562 9.134421 1
8.101011 9.135026 1
8.301710 9.135969 1
8.502620 9.137278 1
8.703229 9.138531 1
8.902556 9.137239 1
9.119493 9.113961 1
9.124815 8.898394 1
9.123980 8.697309 1
9.130386 8.496932 1
9.132958 8.298738 1
9.133646 8.099950 1
9.133716 7.900363 1
9.133734 7.700330 1
9.133811 7.500182 1
9.133895 7.300073 1
9.133947 7.100021 1
9.133968 6.900004 1
9.133974 6.700001 1
9.133975 6.500000 1
9.133975 6.300000 1
9.133975 6.100000 1
9.133975 5.900000 1
9.133975 5.700000 1
9.133975 5.500000 1
9.133975 5.300000 1
9.133975 5.100000 2
5.100000 9.133975 2
5.200000 8.960770 2
5.400000 8.960770 1
5.600000 8.960770 1
5.800000 8.960770 1
6.000000 8.960770 1
6.200000 8.960770 1
6.400000 8.960770 1
6.600000 8.960770 1
6.800004 8.960769 1
7.000021 8.960766 1
7.200076 8.960763 1
7.400211 8.960773 1
7.600489 8.960849 1
7.800964 8.961123 1
8.001632 8.961826 1
8.202454 8.963049 1
8.403683 8.964512 1
8.604980 8.967175 1
8.804062 8.971238 1
8.975871 8.984391 1
8.927944 8.800052 1
8.955792 8.590317 1
8.960268 8.396417 1
8.960816 8.199830 1
8.960321 8.001071 1
8.960053 7.801050 1
8.960171 7.600637 1
8.960424 7.400289 1
8.960624 7.200102 1
8.960724 7.000029 1
8.960760 6.800006 1
8.960768 6.600001 1
8.960770 6.400000 1
8.960770 6.200000 1
8.960770 6.000000 1
8.960770 5.800000 1
8.960770 5.600000 1
8.960770 5.400000 1
8.960770 5.200000 1
8.960770 5.000000 2
5.300000 8.787564 2
5.500000 8.787564 1
5.700000 8.787564 1
5.900000 8.787564 1
6.100000 8.787564 1
6.300000 8.787564 1
6.500001 8.787563 1
6.700006 8.787560 1
6.900033 8.787551 1
7.100119 8.787532 1
7.300333 8.787510 1
7.500772 8.787518 1
7.701538 8.787665 1
7.902682 8.788234 1
8.103920 8.789767 1
8.304799 8.791993 1
8.507434 8.792245 1
8.710189 8.799296 1
8.800416 8.657840 1
8.791305 8.492050 1
8.790014 8.299849 1
8.787310 8.102899 1
8.785805 7.902880 1
8.785787 7.701822 1
8.786403 7.500889 1
8.787004 7.300355 1
8.787356 7.100121 1
8.787506 6.900036 1
8.787553 6.700009 1
8.787562 6.500002 1
8.787564 6.300000 1
8.787564 6.100000 1
8.787564 5.900000 1
8.787564 5.700000 1
8.787564 5.500000 1
8.787564 5.300000 1
8.787564 5.100000 2
5.400000 8.614359 1
5.600000 8.614359 1
5.800000 8.614359 1
6.000000 8.614359 1
6.200000 8.614359 1
6.400001 8.614357 1
6.600008 8.614349 1
6.800041 8.614325 1
7.000158 8.614272 1
7.200464 8.614189 1
7.401100 8.614105 1
7.602202 8.614091 1
7.803920 8.614282 1
8.006411 8.615168 1
8.208127 8.619066 1
8.405689 8.624035 1
8.617222 8.606673 1
8.624592 8.400598 1
8.616014 8.207366 1
8.610533 8.007153 1
8.609851 7.804448 1
8.611132 7.602213 1
8.612662 7.400936 1
8.613657 7.200366 1
8.614130 7.000137 1
8.614302 6.800049 1
8.614348 6.600015 1
8.614358 6.400003 1
8.614359 6.200000 1
8.614359 6.000000 1
8.614359 5.800000 1
8.614359 5.600000 1
8.614359 5.400000 1
8.614359 5.200000 1
5.200000 8.614359 2
8.614359 5.000000 2
5.300000 8.441154 2
5.500000 8.441154 1
5.700000 8.441154 1
5.900000 8.441154 1
6.100000 8.441154 1
6.300001 8.441152 1
6.500006 8.441138 1
6.700037 8.441092 1
6.900167 8.440974 1
7.100551 8.440766 1
7.301406 8.440505 1
7.502907 8.440312 1
7.705102 8.440290 1
7.908232 8.440257 1
8.114511 8.439873 1
8.316344 8.454264 1
8.482716 8.480515 1
8.451464 8.317411 1
8.432551 8.117146 1
8.430984 7.909530 1
8.433331 7.704561 1
8.436935 7.501875 1
8.439303 7.300807 1
8.440486 7.100379 1
8.440960 6.900178 1
8.441110 6.700073 1
8.441147 6.500024 1
8.441154 6.300005 1
8.441154 6.100001 1
8.441154 5.900000 1
8.441154 5.700000 1
8.441154 5.500000 1
8.441154 5.300000 1
8.441154 5.100000 1
8.441154 4.900000 2
5.400000 8.267949 2
5.600000 8.267949 1
5.800000 8.267949 1
6.000000 8.267950 1
6.200001 8.267948 1
6.400003 8.267935 1
6.600019 8.267870 1
6.800119 8.267676 1
7.000500 8.267258 1
7.201506 8.266623 1
7.403491 8.265994 1
7.606437 8.265835 1
7.809722 8.266250 1
8.012724 8.265565 1
8.238058 8.245457 1
8.248485 8.017168 1
8.250033 7.808044 1
8.259111 7.602485 1
8.264059 7.401207 1
8.266472 7.200780 1
8.267476 7.000492 1
8.267821 6.800259 1
8.267919 6.600107 1
8.267941 6.400033 1
8.267947 6.200007 1
8.267949 6.000001 1
8.267949 5.800000 1
8.267949 5.600000 1
8.267949 5.400000 1
8.267949 5.200000 1
8.267949 5.000000 2
5.500000 8.094744 1
5.700000 8.094745 1
5.900001 8.094746 1
6.100003 8.094748 1
6.300003 8.094746 1
6.499997 8.094692 1
6.700018 8.094465 1
6.900240 8.093843 1
7.101136 8.092621 1
7.303385 8.091028 1
7.507507 8.089787 1
7.712632 8.090658 1
7.916001 8.093883 1
8.092253 8.107602 1
8.047065 7.915984 1
8.079967 7.699140 1
8.088432 7.500603 1
8.092319 7.301176 1
8.093918 7.101106 1
8.094476 6.900727 1
8.094647 6.700355 1
8.094705 6.500129 1
8.094728 6.300033 1
8.094739 6.100005 1
8.094743 5.900000 1
8.094744 5.700000 1
8.094744 5.500000 1
8.094744 5.300000 1
8.094744 5.100000 1
5.300000 8.094744 2
8.094744 4.900000 2
5.400000 7.921539 2
5.600000 7.921539 1
5.800000 7.921542 1
6.000003 7.921551 1
6.200006 7.921570 1
6.399990 7.921570 1
6.599923 7.921422 1
6.799852 7.920802 1
7.000161 7.919147 1
7.201972 7.915965 1
7.406426 7.912672 1
7.615009 7.909873 1
7.823510 7.916173 1
7.919465 7.769210 1
7.914666 7.598018 1
7.919014 7.401294 1
7.920671 7.202161 1
7.921124 7.001723 1
7.921262 6.800952 1
7.921363 6.600379 1
7.921448 6.400101 1
7.921503 6.200012 1
7.921527 5.999997 1
7.921536 5.799999 1
7.921538 5.600000 1
7.921539 5.400000 1
7.921539 5.200000 1
7.921539 5.000000 2
5.500000 7.748334 1
5.699999 7.748337 1
5.900002 7.748352 1
6.100009 7.748398 1
6.300004 7.748482 1
6.499908 7.748530 1
6.699587 7.748238 1
6.899025 7.746879 1
7.098901 7.743095 1
7.302651 7.734631 1
7.509539 7.731553 1
7.732167 7.715353 1
7.748335 7.501046 1
7.748656 7.303959 1
7.747915 7.103678 1
7.747567 6.902187 1
7.747691 6.700889 1
7.747958 6.500210 1
7.748168 6.299989 1
7.748273 6.099967 1
7.748313 5.899987 1
7.748327 5.699998 1
7.748332 5.500000 1
7.748333 5.300000 1
7.748334 5.100000 2
5.300000 7.748334 2
5.400000 7.575129 1
5.599999 7.575131 1
5.800000 7.575148 1
6.000010 7.575214 1
6.200029 7.575380 1
6.399985 7.575666 1
6.599641 7.575929 1
6.798581 7.575597 1
6.996397 7.573352 1
7.192815 7.566543 1
7.406449 7.535078 1
7.595268 7.578503 1
7.579806 7.407219 1
7.575139 7.207515 1
7.573007 7.004591 1
7.573136 6.801752 1
7.573880 6.600250 1
7.574561 6.399793 1
7.574910 6.199821 1
7.575043 5.999928 1
7.575090 5.799988 1
7.575112 5.600004 1
7.575123 5.400003 1
7.575128 5.200001 1
5.200000 7.575129 2
7.575129 5.000000 2
5.300002 7.401923 2
5.500004 7.401923 1
5.700010 7.401937 1
5.900026 7.402008 1
6.100066 7.402225 1
6.300113 7.402696 1
6.499981 7.403486 1
6.699100 7.404406 1
6.896491 7.404594 1
7.091061 7.402380 1
7.260177 7.408800 1
7.404015 7.315458 1
7.395728 7.109600 1
7.396633 6.902971 1
7.398360 6.699879 1
7.400393 6.499015 1
7.401360 6.299318 1
7.401683 6.099736 1
7.401784 5.899960 1
7.401840 5.700023 1
7.401884 5.500021 1
7.401910 5.300008 1
7.401920 5.100001 2
5.400022 7.228714 1
5.600050 7.228718 1
5.800099 7.228773 1
6.000179 7.228998 1
6.200305 7.229566 1
6.400444 7.230638 1
6.600226 7.232457 1
6.798473 7.234999 1
6.993329 7.236845 1
7.204820 7.223364 1
7.218233 7.003456 1
7.218993 6.798610 1
7.225412 6.596582 1
7.227750 6.397942 1
7.228303 6.199261 1
7.228359 5.999932 1
7.228419 5.800118 1
7.228533 5.600099 1
7.228634 5.400047 1
7.228690 5.200013 1
5.200007 7.228717 2
7.228707 4.999991 2
5.300053 7.055508 1
5.500133 7.055498 1
5.700271 7.055514 1
5.900481 7.055684 1
6.100739 7.056276 1
6.301001 7.057511 1
6.501451 7.059349 1
6.701508 7.063075 1
6.898578 7.069412 1
7.067957 7.086519 1
7.022577 6.899694 1
7.050794 6.688996 1
7.055077 6.494744 1
7.055428 6.298376 1
7.054894 6.100076 1
7.054683 5.900492 1
7.054866 5.700380 1
7.055157 5.500192 1
7.055366 5.300069 1
7.055458 5.099999 2
5.100009 7.055508 2
5.200088 6.882298 2
5.400254 6.882287 1
5.600543 6.882260 1
5.801002 6.882306 1
6.001642 6.882720 1
6.202217 6.884153 1
6.402333 6.886526 1
6.604114 6.887469 1
6.805897 6.896061 1
6.895675 6.755200 1
6.886317 6.589180 1
6.884709 6.397314 1
6.881883 6.201017 1
6.880410 6.001700 1
6.880466 5.801201 1
6.881126 5.600614 1
6.881736 5.400246 1
6.882077 5.200054 1
6.882175 4.999899 2
5.300387 6.709079 1
5.500879 6.709036 1
5.701659 6.708968 1
5.902831 6.709016 1
6.104554 6.709742 1
6.305386 6.713605 1
6.502120 6.718897 1
6.712865 6.702562 1
6.719636 6.496871 1
6.710800 6.304371 1
6.705265 6.105090 1
6.704589 5.903231 1
6.705859 5.701594 1
6.707357 5.500651 1
6.708319 5.300206 1
6.708727 5.099927 1
5.100086 6.709057 2
6.708698 4.899539 2
5.200480 6.535843 1
5.401215 6.535832 1
5.602376 6.535713 1
5.804008 6.535583 1
6.006344 6.535356 1
6.211658 6.534869 1
6.412555 6.549319 1
6.578311 6.575870 1
6.546807 6.413328 1
6.527711 6.214071 1
6.525961 6.007545 1
6.528104 5.803442 1
6.531502 5.601285 1
6.533750 5.400454 1
6.534873 5.200035 1
6.535142 4.999551 2
4.999966 6.535686 2
5.100480 6.362470 1
5.301454 6.362638 1
5.503009 6.362456 1
5.705275 6.362261 1
5.907762 6.362350 1
6.109875 6.361391 1
6.334133 6.341391 1
6.344007 6.114423 1
6.344969 5.906408 1
6.353383 5.701550 1
6.357897 5.500551 1
6.360236 5.300147 1
6.361205 5.099681 1
4.899611 6.361925 2
6.360919 4.898767 2
5.000427 6.188671 1
5.201601 6.189420 1
5.403275 6.189375 1
5.606243 6.188517 1
5.810252 6.188671 1
6.012845 6.191037 1
6.188544 6.204307 1
6.142501 6.014085 1
6.173831 5.798148 1
6.180956 5.599769 1
6.184464 5.400049 1
6.186517 5.199762 1
6.187013 4.999155 1
4.798958 6.187218 2
6.185367 4.797679 2
4.900598 6.013912 2
5.101937 6.015899 1
5.303375 6.016687 1
5.505675 6.015846 1
5.711651 6.011814 1
5.919065 6.015594 1
6.013193 5.868949 1
6.005376 5.697934 1
6.007524 5.499849 1
6.010387 5.299516 1
6.012669 5.099244 1
6.011981 4.898929 1
6.007491 4.697156 2
5.002956 5.841684 1
5.204089 5.843764 1
5.405334 5.844797 1
5.605592 5.842818 1
5.823790 5.818390 1
5.830368 5.601433 1
5.830495 5.399161 1
5.837409 5.197886 1
5.839147 4.999345 1
5.835851 4.800506 2
4.801918 5.837666 2
4.905374 5.667368 2
5.105484 5.669804 1
5.307206 5.672304 1
5.507359 5.675951 1
5.680120 5.688616 1
5.632827 5.502974 1
5.661818 5.291677 1
5.666818 5.097191 1
5.666323 4.901888 1
5.659755 4.707521 2
5.006308 5.496612 1
5.208943 5.495486 1
5.413343 5.502380 1
5.504851 5.359362 1
5.496418 5.191912 1
5.497002 4.999701 1
5.495658 4.807553 2
4.809714 5.495664 2
4.906869 5.326146 1
5.103649 5.323884 1
5.319131 5.306384 1
5.327497 5.096061 1
5.327126 4.903711 1
4.693971 5.318064 2
5.317714 4.693514 2
4.827077 5.178535 1
4.676157 5.103004 2
5.002749 5.143690 1
5.179523 5.174121 1
5.145241 5.000305 1
5.178312 4.826221 2
4.857446 5.002383 3
5.000582 4.858382 2
5.001305 5.000966 1
 0 1 2
 3 4 1
 5 6 4
 7 8 6
 9 10 8
 11 12 10
 13 14 12
 15 16 14
 17 18 16
 19 20 18
 21 22 20
 23 24 22
 25 26 24
 27 28 26
 29 30 28
 31 32 30
 33 34 32
 35 36 34
 37 38 36
 39 40 38
 41 42 40
 43 44 42
 45 46 44
 46 47 48
 47 49 48
 50 51 49
 51 52 53
 53 54 55
 55 56 57
 57 58 59
 59 60 61
 61 62 63
 63 64 65
 65 66 67
 67 68 69
 69 70 71
 71 72 73
 73 74 75
 75 76 77
 77 78 79
 79 80 81
 81 82 83
 83 84 85
 85 86 87
 87 88 89
 89 90 91
 91 92 93
 93 94 95
 95 96 97
 97 98 99
 100 0 2
 0 3 1
 3 5 4
 5 7 6
 7 9 8
 9 11 10
 11 13 12
 13 15 14
 15 17 16
 17 19 18
 19 21 20
 21 23 22
 23 25 24
 25 27 26
 27 29 28
 29 31 30
 31 33 32
 33 35 34
 35 37 36
 37 39 38
 39 41 40
 41 43 42
 43 45 44
 46 45 47
 47 50 49
 52 51 50
 52 54 53
 54 56 55
 56 58 57
 58 60 59
 60 62 61
 62 64 63
 64 66 65
 66 68 67
 68 70 69
 70 72 71
 72 74 73
 74 76 75
 76 78 77
 78 80 79
 80 82 81
 82 84 83
 84 86 85
 86 88 87
 88 90 89
 90 92 91
 92 94 93
 94 96 95
 96 98 97
 0 100 101
 3 0 102
 5 3 103
 7 5 104
 9 7 105
 11 9 106
 13 11 107
 15 13 108
 17 15 109
 19 17 110
 21 19 111
 23 21 112
 25 23 113
 27 25 114
 29 27 115
 31 29 116
 33 31 117
 35 33 118
 37 35 119
 39 37 120
 41 39 121
 43 41 122
 43 123 45
 50 47 45
 52 50 123
 52 124 54
 54 125 56
 56 126 58
 58 127 60
 60 128 62
 129 64 62
 64 130 66
 66 131 68
 68 132 70
 70 133 72
 72 134 74
 74 135 76
 76 136 78
 78 137 80
 80 138 82
 82 139 84
 84 140 86
 86 141 88
 88 142 90
 90 143 92
 92 144 94
 94 145 96
 96 146 98
 147 101 100
 102 0 101
 103 3 102
 104 5 103
 105 7 104
 106 9 105
 107 11 106
 108 13 107
 109 15 108
 110 17 109
 111 19 110
 112 21 111
 113 23 112
 114 25 113
 115 27 114
 116 29 115
 117 31 116
 118 33 117
 119 35 118
 120 37 119
 121 39 120
 122 41 121
 43 122 123
 123 50 45
 52 123 124
 124 125 54
 125 126 56
 126 127 58
 127 128 60
 128 129 62
 130 64 129
 130 131 66
 131 132 68
 132 133 70
 133 134 72
 134 135 74
 135 136 76
 136 137 78
 137 138 80
 138 139 82
 139 140 84
 140 141 86
 141 142 88
 142 143 90
 143 144 92
 144 145 94
 145 146 96
 101 147 148
 102 101 149
 103 102 150
 151 104 103
 105 104 152
 106 105 153
 107 106 154
 108 107 155
 109 108 156
 110 109 157
 111 110 158
 112 111 159
 113 112 160
 114 113 161
 114 162 115
 116 115 163
 117 116 164
 118 117 165
 119 118 166
 120 119 167
 168 121 120
 122 121 169
 170 123 122
 124 123 170
 124 171 125
 125 172 126
 126 173 127
 127 174 128
 128 175 129
 129 176 130
 130 177 131
 178 132 131
 132 179 133
 133 180 134
 134 181 135
 135 182 136
 136 183 137
 137 184 138
 138 185 139
 139 186 140
 140 187 141
 141 188 142
 142 189 143
 143 190 144
 144 191 145
 145 192 146
 101 148 149
 150 102 149
 150 151 103
 152 104 151
 153 105 152
 154 106 153
 155 107 154
 156 108 155
 157 109 156
 158 110 157
 159 111 158
 160 112 159
 161 113 160
 114 161 162
 163 115 162
 164 116 163
 165 117 164
 166 118 165
 167 119 166
 167 168 120
 169 121 168
 170 122 169
 124 170 171
 171 172 125
 172 173 126
 173 174 127
 174 175 128
 175 176 129
 176 177 130
 177 178 131
 179 132 178
 179 180 133
 180 181 134
 181 182 135
 182 183 136
 183 184 137
 184 185 138
 185 186 139
 186 187 140
 187 188 141
 188 189 142
 189 190 143
 190 191 144
 191 192 145
 192 193 146
 149 148 194
 150 149 195
 196 151 150
 152 151 197
 153 152 198
 154 153 199
 155 154 200
 156 155 201
 157 156 202
 158 157 203
 159 158 204
 160 159 205
 161 160 206
 162 161 207
 163 162 208
 164 163 209
 165 164 210
 166 165 211
 167 166 212
 168 167 213
 214 169 168
 171 170 169
 171 215 172
 172 216 173
 217 174 173
 174 218 175
 175 219 176
 176 220 177
 221 178 177
 178 222 179
 179 223 180
 224 181 180
 181 225 182
 226 183 182
 183 227 184
 184 228 185
 185 229 186
 186 230 187
 187 231 188
 232 189 188
 189 233 190
 190 234 191
 191 235 192
 192 236 193
 149 194 195
 195 196 150
 197 151 196
 198 152 197
 199 153 198
 200 154 199
 201 155 200
 202 156 201
 203 157 202
 204 158 203
 205 159 204
 206 160 205
 207 161 206
 208 162 207
 209 163 208
 210 164 209
 211 165 210
 212 166 211
 213 167 212
 213 214 168
 171 169 214
 215 216 172
 171 214 215
 216 217 173
 218 174 217
 218 219 175
 219 220 176
 220 221 177
 222 178 221
 222 223 179
 223 224 180
 225 181 224
 225 226 182
 227 183 226
 227 228 184
 228 229 185
 229 230 186
 230 231 187
 231 232 188
 233 189 232
 233 234 190
 234 235 191
 235 236 192
 237 195 194
 238 196 195
 239 197 196
 198 197 240
 199 198 241
 200 199 242
 201 200 243
 201 244 202
 203 202 245
 204 203 246
 205 204 247
 206 205 248
 207 206 249
 208 207 250
 209 208 251
 210 209 252
 210 253 211
 211 254 212
 213 212 255
 214 213 256
 256 216 215
 214 256 215
 216 257 217
 258 218 217
 259 219 218
 219 260 220
 220 261 221
 221 262 222
 222 263 223
 264 224 223
 224 265 225
 225 266 226
 267 227 226
 268 228 227
 228 269 229
 270 230 229
 230 271 231
 231 272 232
 232 273 233
 233 274 234
 234 275 235
 235 276 236
 237 194 277
 238 195 237
 238 239 196
 240 197 239
 241 198 240
 242 199 241
 243 200 242
 201 243 244
 245 202 244
 246 203 245
 247 204 246
 248 205 247
 249 206 248
 250 207 249
 251 208 250
 252 209 251
 210 252 253
 211 253 254
 255 212 254
 256 213 255
 257 216 256
 257 258 217
 259 218 258
 260 219 259
 260 261 220
 261 262 221
 262 263 222
 263 264 223
 265 224 264
 265 266 225
 266 267 226
 268 227 267
 269 228 268
 269 270 229
 271 230 270
 271 272 231
 272 273 232
 273 274 233
 274 275 234
 275 276 235
 277 278 237
 237 279 238
 239 238 280
 240 239 281
 240 282 241
 241 283 242
 243 242 284
 244 243 285
 245 244 286
 246 245 287
 247 246 288
 289 248 247
 290 249 248
 250 249 291
 251 250 292
 251 293 252
 252 294 253
 253 295 254
 255 254 296
 256 255 297
 256 297 257
 257 298 258
 299 259 258
 260 259 300
 301 261 260
 261 302 262
 262 303 263
 263 304 264
 265 264 305
 265 306 266
 307 267 266
 267 308 268
 268 309 269
 269 310 270
 311 271 270
 312 272 271
 272 313 273
 314 274 273
 275 274 315
 276 275 316
 278 279 237
 279 280 238
 281 239 280
 240 281 282
 241 282 283
 284 242 283
 285 243 284
 286 244 285
 287 245 286
 288 246 287
 288 289 247
 289 290 248
 291 249 290
 292 250 291
 251 292 293
 252 293 294
 253 294 295
 296 254 295
 297 255 296
 257 297 298
 298 299 258
 300 259 299
 260 300 301
 302 261 301
 302 303 262
 303 304 263
 304 305 264
 265 305 306
 306 307 266
 308 267 307
 308 309 268
 309 310 269
 310 311 270
 312 271 311
 313 272 312
 313 314 273
 315 274 314
 316 275 315
 316 317 276
 279 278 318
 280 279 319
 281 280 320
 282 281 321
 283 282 322
 283 323 284
 285 284 324
 286 285 325
 326 287 286
 327 288 287
 289 288 328
 290 289 329
 330 291 290
 291 331 292
 332 293 292
 293 333 294
 294 334 295
 296 295 335
 298 297 296
 298 336 299
 337 300 299
 338 301 300
 302 301 339
 340 303 302
 303 341 304
 342 305 304
 305 343 306
 306 344 307
 308 307 345
 308 346 309
 347 310 309
 348 311 310
 311 349 312
 312 350 313
 313 351 314
 352 315 314
 353 316 315
 316 354 317
 279 318 319
 280 319 320
 321 281 320
 322 282 321
 283 322 323
 324 284 323
 325 285 324
 325 326 286
 326 327 287
 328 288 327
 329 289 328
 329 330 290
 291 330 331
 331 332 292
 293 332 333
 294 333 334
 335 295 334
 298 296 335
 336 337 299
 298 335 336
 338 300 337
 339 301 338
 302 339 340
 341 303 340
 341 342 304
 343 305 342
 343 344 306
 344 345 307
 308 345 346
 346 347 309
 348 310 347
 349 311 348
 349 350 312
 350 351 313
 351 352 314
 352 353 315
 316 353 354
 318 355 319
 319 356 320
 320 357 321
 322 321 358
 359 323 322
 360 324 323
 361 325 324
 362 326 325
 326 363 327
 328 327 364
 329 328 365
 329 366 330
 330 367 331
 331 368 332
 332 369 333
 333 370 334
 335 334 371
 371 337 336
 335 371 336
 372 338 337
 373 339 338
 374 340 339
 341 340 375
 376 342 341
 342 377 343
 343 378 344
 379 345 344
 345 380 346
 346 381 347
 348 347 382
 349 348 383
 349 384 350
 385 351 350
 386 352 351
 353 352 387
 354 353 388
 355 318 389
 355 356 319
 356 357 320
 358 321 357
 358 359 322
 359 360 323
 360 361 324
 361 362 325
 326 362 363
 364 327 363
 365 328 364
 329 365 366
 330 366 367
 331 367 368
 332 368 369
 333 369 370
 371 334 370
 372 337 371
 373 338 372
 374 339 373
 375 340 374
 341 375 376
 377 342 376
 377 378 343
 378 379 344
 380 345 379
 380 381 346
 381 382 347
 348 382 383
 349 383 384
 384 385 350
 386 351 385
 387 352 386
 388 353 387
 388 390 354
 389 391 355
 392 356 355
 393 357 356
 358 357 394
 359 358 395
 360 359 396
 360 397 361
 398 362 361
 363 362 399
 363 400 364
 364 401 365
 402 366 365
 366 403 367
 368 367 404
 368 405 369
 369 406 370
 370 407 371
 407 372 371
 408 373 372
 409 374 373
 375 374 410
 411 376 375
 377 376 412
 413 378 377
 414 379 378
 379 415 380
 381 380 416
 417 382 381
 382 418 383
 383 419 384
 384 420 385
 386 385 421
 386 422 387
 388 387 423
 390 388 424
 391 392 355
 393 356 392
 394 357 393
 395 358 394
 396 359 395
 360 396 397
 397 398 361
 399 362 398
 363 399 400
 364 400 401
 401 402 365
 366 402 403
 404 367 403
 368 404 405
 369 405 406
 370 406 407
 407 408 372
 409 373 408
 410 374 409
 375 410 411
 412 376 411
 377 412 413
 414 378 413
 415 379 414
 415 416 380
 381 416 417
 418 382 417
 418 419 383
 419 420 384
 420 421 385
 386 421 422
 423 387 422
 424 388 423
 390 424 425
 392 391 426
 393 392 427
 394 393 428
 429 395 394
 430 396 395
 397 396 431
 398 397 432
 398 433 399
 434 400 399
 435 401 400
 401 436 402
 437 403 402
 403 438 404
 404 439 405
 405 440 406
 407 406 408
 440 409 408
 410 409 441
 442 411 410
 412 411 443
 444 413 412
 414 413 445
 415 414 446
 447 416 415
 448 417 416
 417 449 418
 418 450 419
 419 451 420
 452 421 420
 453 422 421
 454 423 422
 455 424 423
 456 425 424
 392 426 427
 393 427 428
 394 428 429
 429 430 395
 431 396 430
 432 397 431
 398 432 433
 433 434 399
 434 435 400
 401 435 436
 436 437 402
 403 437 438
 404 438 439
 405 439 440
 440 408 406
 441 409 440
 410 441 442
 443 411 442
 412 443 444
 445 413 444
 414 445 446
 415 446 447
 448 416 447
 449 417 448
 449 450 418
 450 451 419
 451 452 420
 452 453 421
 453 454 422
 454 455 423
 455 456 424
 426 457 427
 458 428 427
 459 429 428
 429 460 430
 431 430 461
 462 432 431
 463 433 432
 433 464 434
 434 465 435
 466 436 435
 436 467 437
 437 468 438
 438 469 439
 439 470 440
 470 441 440
 471 442 441
 472 443 442
 473 444 443
 445 444 474
 475 446 445
 447 446 476
 448 447 477
 449 448 478
 479 450 449
 480 451 450
 451 481 452
 452 482 453
 454 453 483
 455 454 484
 485 456 455
 486 457 426
 457 458 427
 459 428 458
 460 429 459
 461 430 460
 461 462 431
 462 463 432
 433 463 464
 434 464 465
 465 466 435
 436 466 467
 437 467 468
 438 468 469
 469 470 439
 470 471 441
 472 442 471
 473 443 472
 474 444 473
 445 474 475
 476 446 475
 447 476 477
 448 477 478
 449 478 479
 480 450 479
 451 480 481
 452 481 482
 483 453 482
 484 454 483
 484 485 455
 487 456 485
 457 486 488
 458 457 489
 459 458 490
 459 491 460
 492 461 460
 461 493 462
 462 494 463
 463 495 464
 464 496 465
 465 497 466
 467 466 498
 467 499 468
 468 500 469
 469 471 470
 501 472 471
 502 473 472
 474 473 503
 504 475 474
 476 475 505
 506 477 476
 478 477 507
 508 479 478
 480 479 509
 480 510 481
 511 482 481
 512 483 482
 513 484 483
 514 485 484
 515 487 485
 457 488 489
 458 489 490
 459 490 491
 491 492 460
 461 492 493
 462 493 494
 463 494 495
 464 495 496
 465 496 497
 498 466 497
 467 498 499
 468 499 500
 500 471 469
 500 501 471
 502 472 501
 503 473 502
 474 503 504
 505 475 504
 476 505 506
 507 477 506
 478 507 508
 509 479 508
 480 509 510
 510 511 481
 511 512 482
 512 513 483
 513 514 484
 514 515 485
 488 516 489
 489 517 490
 491 490 518
 491 519 492
 492 520 493
 493 521 494
 494 522 495
 495 523 496
 496 524 497
 525 498 497
 499 498 526
 499 527 500
 527 501 500
 527 502 501
 528 503 502
 504 503 529
 505 504 530
 531 506 505
 507 506 532
 508 507 533
 534 509 508
 535 510 509
 536 511 510
 512 511 537
 513 512 538
 514 513 539
 515 514 540
 541 516 488
 516 517 489
 517 518 490
 491 518 519
 519 520 492
 493 520 521
 494 521 522
 495 522 523
 496 523 524
 524 525 497
 526 498 525
 499 526 527
 528 502 527
 529 503 528
 504 529 530
 505 530 531
 532 506 531
 507 532 533
 508 533 534
 534 535 509
 535 536 510
 537 511 536
 538 512 537
 539 513 538
 540 514 539
 516 541 542
 516 543 517
 517 544 518
 518 545 519
 519 546 520
 520 547 521
 521 548 522
 522 549 523
 550 524 523
 551 525 524
 525 552 526
 526 553 527
 553 528 527
 554 529 528
 529 555 530
 531 530 556
 532 531 557
 533 532 558
 534 533 559
 535 534 560
 536 535 561
 537 536 562
 538 537 563
 564 539 538
 565 540 539
 541 566 542
 516 542 543
 543 544 517
 544 545 518
 545 546 519
 546 547 520
 521 547 548
 522 548 549
 549 550 523
 550 551 524
 525 551 552
 552 553 526
 554 528 553
 555 529 554
 555 556 530
 531 556 557
 532 557 558
 533 558 559
 560 534 559
 561 535 560
 562 536 561
 563 537 562
 563 564 538
 564 565 539
 540 565 567
 566 568 542
 542 569 543
 544 543 570
 545 544 571
 545 572 546
 546 573 547
 574 548 547
 575 549 548
 576 550 549
 577 551 550
 551 578 552
 554 553 552
 555 554 579
 556 555 580
 581 557 556
 557 582 558
 559 558 583
 560 559 584
 585 561 560
 586 562 561
 587 563 562
 564 563 588
 589 565 564
 567 565 590
 568 569 542
 569 570 543
 544 570 571
 545 571 572
 572 573 546
 573 574 547
 574 575 548
 575 576 549
 576 577 550
 551 577 578
 578 579 552
 579 554 552
 555 579 580
 556 580 581
 582 557 581
 582 583 558
 584 559 583
 584 585 560
 585 586 561
 586 587 562
 588 563 587
 588 589 564
 590 565 589
 591 569 568
 592 570 569
 570 593 571
 571 594 572
 572 595 573
 574 573 596
 575 574 597
 576 575 598
 599 577 576
 600 578 577
 579 578 600
 580 579 600
 581 580 601
 602 582 581
 582 603 583
 604 584 583
 585 584 605
 606 586 585
 587 586 607
 587 608 588
 588 609 589
 589 610 590
 591 568 611
 592 569 591
 593 570 592
 593 594 571
 594 595 572
 595 596 573
 574 596 597
 598 575 597
 598 599 576
 599 600 577
 580 600 601
 581 601 602
 603 582 602
 603 604 583
 605 584 604
 605 606 585
 607 586 606
 587 607 608
 588 608 609
 589 609 610
 612 590 610
 613 591 611
 614 592 591
 593 592 615
 616 594 593
 595 594 617
 595 618 596
 596 619 597
 598 597 620
 598 621 599
 622 600 599
 601 600 622
 602 601 623
 602 624 603
 604 603 625
 605 604 626
 605 627 606
 606 628 607
 629 608 607
 630 609 608
 609 631 610
 610 632 612
 613 611 633
 614 591 613
 615 592 614
 593 615 616
 617 594 616
 595 617 618
 618 619 596
 619 620 597
 598 620 621
 621 622 599
 623 601 622
 602 623 624
 625 603 624
 626 604 625
 605 626 627
 606 627 628
 628 629 607
 629 630 608
 609 630 631
 610 631 632
 634 613 633
 635 614 613
 636 615 614
 616 615 637
 638 617 616
 617 639 618
 640 619 618
 619 641 620
 620 642 621
 621 623 622
 643 624 623
 624 644 625
 625 645 626
 646 627 626
 628 627 647
 648 629 628
 629 649 630
 630 650 631
 631 651 632
 635 613 634
 636 614 635
 637 615 636
 616 637 638
 639 617 638
 639 640 618
 641 619 640
 641 642 620
 642 623 621
 642 643 623
 624 643 644
 625 644 645
 645 646 626
 647 627 646
 647 648 628
 629 648 649
 630 649 650
 631 650 651
 651 652 632
 634 653 635
 635 654 636
 655 637 636
 656 638 637
 638 657 639
 639 658 640
 640 659 641
 660 642 641
 643 642 660
 643 660 644
 661 645 644
 646 645 662
 647 646 663
 647 664 648
 665 649 648
 650 649 666
 651 650 667
 652 651 668
 653 634 669
 653 654 635
 654 655 636
 656 637 655
 657 638 656
 657 658 639
 658 659 640
 659 660 641
 660 661 644
 662 645 661
 663 646 662
 647 663 664
 664 665 648
 666 649 665
 667 650 666
 651 667 668
 652 668 670
 669 671 653
 653 672 654
 654 673 655
 674 656 655
 656 675 657
 657 676 658
 677 659 658
 659 678 660
 678 661 660
 661 679 662
 662 680 663
 664 663 681
 665 664 682
 666 665 683
 667 666 684
 668 667 685
 686 670 668
 687 671 669
 671 672 653
 672 673 654
 673 674 655
 675 656 674
 675 676 657
 676 677 658
 678 659 677
 661 678 679
 662 679 680
 681 663 680
 682 664 681
 683 665 682
 684 666 683
 685 667 684
 668 685 686
 671 687 688
 671 689 672
 672 690 673
 674 673 691
 692 675 674
 675 693 676
 676 694 677
 678 677 679
 680 679 694
 695 681 680
 682 681 696
 697 683 682
 684 683 698
 685 684 699
 686 685 700
 688 687 701
 671 688 689
 689 690 672
 690 691 673
 674 691 692
 693 675 692
 693 694 676
 694 679 677
 694 695 680
 696 681 695
 696 697 682
 698 683 697
 699 684 698
 700 685 699
 686 700 702
 703 688 701
 704 689 688
 690 689 705
 691 690 706
 691 707 692
 692 708 693
 693 709 694
 709 695 694
 710 696 695
 711 697 696
 712 698 697
 713 699 698
 714 700 699
 702 700 715
 701 716 703
 704 688 703
 705 689 704
 690 705 706
 691 706 707
 707 708 692
 708 709 693
 709 710 695
 710 711 696
 711 712 697
 712 713 698
 713 714 699
 715 700 714
 702 715 717
 718 703 716
 703 719 704
 704 720 705
 706 705 721
 707 706 722
 708 707 723
 710 709 708
 724 711 710
 725 712 711
 726 713 712
 727 714 713
 715 714 728
 729 717 715
 719 703 718
 719 720 704
 720 721 705
 706 721 722
 707 722 723
 708 723 710
 723 724 710
 724 725 711
 725 726 712
 726 727 713
 728 714 727
 715 728 729
 730 717 729
 718 731 719
 719 732 720
 720 733 721
 734 722 721
 723 722 735
 723 735 724
 724 735 725
 726 725 736
 737 727 726
 728 727 738
 729 728 739
 729 740 730
 718 741 731
 731 732 719
 732 733 720
 733 734 721
 735 722 734
 736 725 735
 736 737 726
 738 727 737
 739 728 738
 729 739 740
 741 742 731
 732 731 743
 733 732 744
 745 734 733
 746 735 734
 736 735 746
 737 736 747
 748 738 737
 749 739 738
 739 750 740
 742 743 731
 732 743 744
 733 744 745
 746 734 745
 747 736 746
 747 748 737
 748 749 738
 749 750 739
 750 751 740
 752 743 742
 744 743 753
 745 744 754
 747 746 745
 755 748 747
 756 749 748
 749 757 750
 750 758 751
 742 759 752
 753 743 752
 744 753 754
 745 754 747
 754 755 747
 755 756 748
 756 757 749
 757 758 750
 760 752 759
 753 752 761
 754 753 762
 754 762 755
 762 756 755
 757 756 763
 757 764 758
 765 760 759
 761 752 760
 753 761 762
 763 756 762
 757 763 764
 764 766 758
 767 765 768
 760 765 767
 761 760 769
 761 770 762
 770 763 762
 763 771 764
 764 772 766
 773 767 768
 769 760 767
 761 769 770
 770 771 763
 771 772 764
 773 769 767
 769 771 770
 774 772 771
 774 775 773
 769 773 775
 769 775 771
 774 771 775
 30
 773 774 772 766 758 751 740 730 717 702 686 670 652 632 612 590 567 540 515 487 456 425 390 354 317 276 236 193 146 98
 0
 29
 773 765 768 759 742 741 718 716 701 687 669 634 633 611 568 566 541 488 486 426 391 389 318 278 277 194 148 147 100
 0
