1486 2804
0.000000 3.000000 0
0.173205 3.100000 2
0.000000 3.200000 0
0.173205 3.300000 1
0.000000 3.400000 0
0.173205 3.500000 1
0.000000 3.600000 0
0.173205 3.700000 1
0.000000 3.800000 0
0.173205 3.900000 1
0.000000 4.000000 0
0.173205 4.100000 1
0.000000 4.200000 0
0.173205 4.300000 1
0.000000 4.400000 0
0.173205 4.500000 1
0.000000 4.600000 0
0.173205 4.700000 1
0.000000 4.800000 0
0.173205 4.900000 1
0.000000 5.000000 0
0.000000 5.200000 0
0.173205 5.100000 1
0.173205 5.300000 1
0.000000 5.400000 0
0.173205 5.500000 1
0.000000 5.600000 0
0.173205 5.700000 1
0.000000 5.800000 0
0.173205 5.900000 1
0.000000 6.000000 0
0.173205 6.100000 1
0.000000 6.200000 0
0.173205 6.300000 1
0.000000 6.400000 0
0.173205 6.500000 1
0.000000 6.600000 0
0.173205 6.700000 1
0.000000 6.800000 0
0.173205 6.900000 1
0.000000 7.000000 0
0.173205 7.100000 1
0.000000 7.200000 0
0.173205 7.300000 1
0.000000 7.400000 0
0.173205 7.500000 1
0.000000 7.600000 0
0.173205 7.699999 1
0.000000 7.800000 0
0.173210 7.899996 1
0.000000 8.000000 0
0.173231 8.100002 1
0.000000 8.200000 0
0.173282 8.300057 1
0.000000 8.400000 0
0.173355 8.500252 1
0.000000 8.600000 0
0.173396 8.700693 1
0.000000 8.800000 0
0.173305 8.901406 1
0.000000 9.000000 0
0.173112 9.102262 1
0.000000 9.200000 0
0.173339 9.303297 1
0.000000 9.400000 0
0.175066 9.506494 1
0.000000 9.600000 0
0.164370 9.702746 1
0.000000 9.800000 0
0.087359 9.912414 1
0.000000 10.000000 0
0.200000 10.000000 0
0.295277 9.833226 1
0.400000 10.000000 0
0.491419 9.819784 1
0.600000 10.000000 0
0.696277 9.819970 1
0.800000 10.000000 0
0.898880 9.822006 1
1.000000 10.000000 0
1.099898 9.824569 1
1.200000 10.000000 0
1.300002 9.825985 1
1.400000 10.000000 0
1.499953 9.826576 1
1.600000 10.000000 0
1.699943 9.826763 1
1.800000 10.000000 0
1.899964 9.826800 1
2.000000 10.000000 0
2.099984 9.826799 1
2.200000 10.000000 0
2.299995 9.826796 1
2.400000 10.000000 0
2.499999 9.826795 1
2.600000 10.000000 0
2.700000 9.826795 1
2.800000 10.000000 0
2.900000 9.826795 1
3.000000 10.000000 0
3.100000 9.826795 1
3.200000 10.000000 0
3.300000 9.826795 1
3.400000 10.000000 0
3.500000 9.826795 1
3.600000 10.000000 0
3.700000 9.826795 1
3.800000 10.000000 0
3.900000 9.826795 1
4.000000 10.000000 0
4.100000 9.826795 1
4.200000 10.000000 0
4.300000 9.826795 1
4.400000 10.000000 0
4.500000 9.826795 1
4.600000 10.000000 0
4.700000 9.826795 1
4.800000 10.000000 0
4.900000 9.826795 1
5.000000 10.000000 0
5.200000 10.000000 0
5.100000 9.826795 1
5.300000 9.826795 1
5.400000 10.000000 0
5.500000 9.826795 1
5.600000 10.000000 0
5.700000 9.826795 1
5.800000 10.000000 0
5.900000 9.826795 1
6.000000 10.000000 0
6.100000 9.826795 1
6.200000 10.000000 0
6.300000 9.826795 1
6.400000 10.000000 0
6.500000 9.826795 1
6.600000 10.000000 0
6.700000 9.826795 1
6.800000 10.000000 0
6.900000 9.826795 1
7.000000 10.000000 0
7.100000 9.826795 1
7.200000 10.000000 0
7.300000 9.826795 1
7.400000 10.000000 0
7.500000 9.826796 1
7.600000 10.000000 0
7.700002 9.826799 1
7.800000 10.000000 0
7.900011 9.826811 1
8.000000 10.000000 0
8.100041 9.826840 1
8.200000 10.000000 0
8.300128 9.826893 1
8.400000 10.000000 0
8.500334 9.826964 1
8.600000 10.000000 0
8.700749 9.827041 1
8.800000 10.000000 0
8.901427 9.827153 1
9.000000 10.000000 0
9.102324 9.827316 1
9.200000 10.000000 0
9.303625 9.827213 1
9.400000 10.000000 0
9.507698 9.826240 1
9.600000 10.000000 0
9.707205 9.840112 1
9.800000 10.000000 0
9.868964 9.869840 1
10.000000 10.000000 0
10.000000 9.800000 0
9.837681 9.709203 1
10.000000 9.600000 0
9.820952 9.509867 1
10.000000 9.400000 0
9.820171 9.304181 1
10.000000 9.200000 0
9.821795 9.101304 1
10.000000 9.000000 0
9.824164 8.900148 1
10.000000 8.800000 0
9.825560 8.699957 1
10.000000 8.600000 0
9.826258 8.499968 1
10.000000 8.400000 0
9.826588 8.299988 1
10.000000 8.200000 0
9.826729 8.099998 1
10.000000 8.000000 0
9.826778 7.900001 1
10.000000 7.800000 0
9.826792 7.700001 1
10.000000 7.600000 0
9.826795 7.500000 1
10.000000 7.400000 0
9.826795 7.300000 1
10.000000 7.200000 0
0.149413 9.849668 1
9.826795 7.100000 2
0.346410 3.200000 2
0.346410 3.400000 1
0.346410 3.600000 1
0.346410 3.800000 1
0.346410 4.000000 1
0.346410 4.200000 1
0.346410 4.400000 1
0.346410 4.600000 1
0.346410 4.800000 1
0.346410 5.000000 1
0.346410 5.200000 1
0.346410 5.400000 1
0.346410 5.600000 1
0.346410 5.800000 1
0.346410 6.000000 1
0.346410 6.200000 1
0.346410 6.400000 1
0.346410 6.600000 1
0.346410 6.800000 1
0.346410 7.000000 1
0.346410 7.200000 1
0.346410 7.400000 1
0.346408 7.599998 1
0.346411 7.799990 1
0.346439 7.999973 1
0.346539 8.199990 1
0.346761 8.400186 1
0.347051 8.600819 1
0.347170 8.802126 1
0.346724 9.003945 1
0.345804 9.205498 1
0.346365 9.405966 1
0.366420 9.627176 1
0.590643 9.638189 1
0.797026 9.639455 1
1.000504 9.647519 1
1.200404 9.651418 1
1.400005 9.653032 1
1.599845 9.653549 1
1.799859 9.653640 1
1.999921 9.653622 1
2.199967 9.653599 1
2.399989 9.653590 1
2.599997 9.653589 1
2.799999 9.653589 1
3.000000 9.653590 1
3.200000 9.653590 1
3.400000 9.653590 1
3.600000 9.653590 1
3.800000 9.653590 1
4.000000 9.653590 1
4.200000 9.653590 1
4.400000 9.653590 1
4.600000 9.653590 1
4.800000 9.653590 1
5.000000 9.653590 1
5.200000 9.653590 1
5.400000 9.653590 1
5.600000 9.653590 1
5.800000 9.653590 1
6.000000 9.653590 1
6.200000 9.653590 1
6.400000 9.653590 1
6.600000 9.653590 1
6.800000 9.653590 1
7.000000 9.653590 1
7.200000 9.653590 1
7.400001 9.653591 1
7.600004 9.653597 1
7.800018 9.653618 1
8.000062 9.653674 1
8.200181 9.653785 1
8.400465 9.653945 1
8.601070 9.654096 1
8.802207 9.654192 1
9.003881 9.654489 1
9.205553 9.655162 1
9.406587 9.654738 1
9.629012 9.635622 1
9.638646 9.410381 1
9.639001 9.203550 1
9.646443 8.999763 1
9.650084 8.799567 1
9.651889 8.599755 1
9.652842 8.399879 1
9.653315 8.199951 1
9.653508 7.999991 1
9.653569 7.800005 1
9.653584 7.600005 1
9.653588 7.400002 1
9.653589 7.200001 1
9.653590 7.000000 2
0.519615 3.300000 2
0.519615 3.500000 1
0.519615 3.700000 1
0.519615 3.900000 1
0.519615 4.100000 1
0.519615 4.300000 1
0.519615 4.500000 1
0.519615 4.700000 1
0.519615 4.900000 1
0.519615 5.100000 1
0.519615 5.300000 1
0.519615 5.500000 1
0.519615 5.700000 1
0.519615 5.900000 1
0.519615 6.100000 1
0.519615 6.300000 1
0.519615 6.500000 1
0.519615 6.700000 1
0.519615 6.900000 1
0.519615 7.100000 1
0.519615 7.300002 1
0.519613 7.500002 1
0.519607 7.699993 1
0.519617 7.899950 1
0.519721 8.099868 1
0.520078 8.299863 1
0.520832 8.500332 1
0.521715 8.701867 1
0.522033 8.904896 1
0.520167 9.108484 1
0.516094 9.309842 1
0.502026 9.483924 1
0.691279 9.438541 1
0.905519 9.469888 1
1.102293 9.477044 1
1.300466 9.479819 1
1.499710 9.480616 1
1.699596 9.480661 1
1.899716 9.480534 1
2.099850 9.480433 1
2.299935 9.480390 1
2.499976 9.480380 1
2.699993 9.480382 1
2.899999 9.480384 1
3.100000 9.480385 1
3.300000 9.480385 1
3.500000 9.480385 1
3.700000 9.480385 1
3.900000 9.480385 1
4.100000 9.480385 1
4.300000 9.480385 1
4.500000 9.480385 1
4.700000 9.480385 1
4.900000 9.480385 1
5.100000 9.480385 1
5.300000 9.480385 1
5.500000 9.480385 1
5.700000 9.480385 1
5.900000 9.480385 1
6.100000 9.480385 1
6.300000 9.480385 1
6.500000 9.480385 1
6.700000 9.480385 1
6.900000 9.480385 1
7.100000 9.480385 1
7.300002 9.480387 1
7.500010 9.480394 1
7.700032 9.480425 1
7.900091 9.480510 1
8.100234 9.480691 1
8.300544 9.480989 1
8.501161 9.481326 1
8.702361 9.481443 1
8.904716 9.481133 1
9.107935 9.482063 1
9.309589 9.485273 1
9.484353 9.499175 1
9.437746 9.309972 1
9.467803 9.095390 1
9.473907 8.897997 1
9.476659 8.699073 1
9.478454 8.499472 1
9.479591 8.299726 1
9.480122 8.099918 1
9.480307 7.900009 1
9.480357 7.700027 1
9.480372 7.500017 1
9.480380 7.300006 1
9.480384 7.100001 2
0.692820 3.400000 1
0.692820 3.600000 1
0.692820 3.800000 1
0.692820 4.000000 1
0.692820 4.200000 1
0.692820 4.400000 1
0.692820 4.600000 1
0.692820 4.800000 1
0.692820 5.000000 1
0.692820 5.200000 1
0.692820 5.400000 1
0.692820 5.600000 1
0.692820 5.800000 1
0.692820 6.000000 1
0.692820 6.200000 1
0.692820 6.400000 1
0.692820 6.600000 1
0.692820 6.800000 1
0.692822 7.000001 1
0.692824 7.200005 1
0.692827 7.400013 1
0.692819 7.600022 1
0.692793 7.799987 1
0.692804 7.999825 1
0.693086 8.199495 1
0.694128 8.399289 1
0.696392 8.600256 1
0.698498 8.803503 1
0.699922 9.010504 1
0.692332 9.217192 1
0.837106 9.311172 1
1.006657 9.305138 1
1.201722 9.308072 1
1.399538 9.308581 1
1.599009 9.308180 1
1.799177 9.307693 1
1.999483 9.307365 1
2.199725 9.307206 1
2.399874 9.307160 1
2.599952 9.307162 1
2.799986 9.307173 1
2.999997 9.307178 1
3.200000 9.307179 1
3.400000 9.307179 1
3.600000 9.307179 1
3.800000 9.307179 1
4.000000 9.307179 1
4.200000 9.307179 1
4.400000 9.307179 1
4.600000 9.307179 1
4.800000 9.307179 1
5.000000 9.307179 1
5.200000 9.307179 1
5.400000 9.307179 1
5.600000 9.307179 1
5.800000 9.307179 1
6.000000 9.307179 1
6.200000 9.307179 1
6.400000 9.307179 1
6.600000 9.307179 1
6.800000 9.307179 1
7.000001 9.307179 1
7.200006 9.307181 1
7.400021 9.307189 1
7.600062 9.307224 1
7.800154 9.307332 1
8.000341 9.307586 1
8.200694 9.308045 1
8.401299 9.308702 1
8.602229 9.309296 1
8.803866 9.308906 1
9.008959 9.305711 1
9.215408 9.310452 1
9.308238 9.165133 1
9.299490 8.995043 1
9.300645 8.797984 1
9.302873 8.598524 1
9.305339 8.398994 1
9.306558 8.199627 1
9.306973 8.000001 1
9.307079 7.800108 1
9.307117 7.600085 1
9.307146 7.400040 1
9.307167 7.200013 2
0.692821 3.199999 2
0.866026 3.299998 2
0.866025 3.500000 1
0.866025 3.700000 1
0.866025 3.900000 1
0.866025 4.100000 1
0.866025 4.300000 1
0.866025 4.500000 1
0.866025 4.700000 1
0.866025 4.900000 1
0.866025 5.100000 1
0.866025 5.300000 1
0.866025 5.500000 1
0.866025 5.700000 1
0.866025 5.900000 1
0.866025 6.100000 1
0.866025 6.300000 1
0.866025 6.500000 1
0.866026 6.700000 1
0.866029 6.900002 1
0.866039 7.100008 1
0.866061 7.300032 1
0.866084 7.500082 1
0.866058 7.700128 1
0.865936 7.900033 1
0.865847 8.099525 1
0.866400 8.298420 1
0.868979 8.497291 1
0.875921 8.699565 1
0.877405 8.904689 1
0.891755 9.125154 1
1.103856 9.139504 1
1.299141 9.138507 1
1.497783 9.136682 1
1.697985 9.135341 1
1.898566 9.134526 1
2.099104 9.134078 1
2.299514 9.133916 1
2.499775 9.133906 1
2.699914 9.133938 1
2.899974 9.133962 1
3.099994 9.133972 1
3.299999 9.133974 1
3.500000 9.133975 1
3.700000 9.133975 1
3.900000 9.133975 1
4.100000 9.133975 1
4.300000 9.133975 1
4.500000 9.133975 1
4.700000 9.133975 1
4.900000 9.133975 1
5.100000 9.133975 1
5.300000 9.133975 1
5.500000 9.133975 1
5.700000 9.133975 1
5.900000 9.133975 1
6.100000 9.133975 1
6.300000 9.133975 1
6.500000 9.133975 1
6.700000 9.133975 1
6.900002 9.133974 1
7.100012 9.133974 1
7.300042 9.133979 1
7.500120 9.134007 1
7.700280 9.134119 1
7.900562 9.134421 1
8.101011 9.135026 1
8.301710 9.135969 1
8.502620 9.137278 1
8.703229 9.138531 1
8.902556 9.137239 1
9.119493 9.113961 1
9.124815 8.898394 1
9.123980 8.697309 1
9.130386 8.496932 1
9.132958 8.298738 1
9.133646 8.099950 1
9.133716 7.900363 1
9.133734 7.700330 1
9.133811 7.500182 1
9.133895 7.300073 2
1.039232 3.399995 1
1.039231 3.599999 1
1.039230 3.800000 1
1.039230 4.000000 1
1.039230 4.200000 1
1.039230 4.400000 1
1.039230 4.600000 1
1.039230 4.800000 1
1.039230 5.000000 1
1.039230 5.200000 1
1.039230 5.400000 1
1.039230 5.600000 1
1.039230 5.800000 1
1.039230 6.000000 1
1.039230 6.200000 1
1.039230 6.400000 1
1.039231 6.600001 1
1.039236 6.800003 1
1.039256 7.000013 1
1.039316 7.200050 1
1.039425 7.400152 1
1.039524 7.600350 1
1.039431 7.800554 1
1.038928 8.000355 1
1.038239 8.198991 1
1.038748 8.395752 1
1.043566 8.590389 1
1.072745 8.801568 1
1.028295 8.988511 1
1.197861 8.972159 1
1.395215 8.966660 1
1.595684 8.963572 1
1.796708 8.962122 1
1.997642 8.961090 1
2.198525 8.960625 1
2.399208 8.960560 1
2.599639 8.960635 1
2.799864 8.960711 1
2.999959 8.960751 1
3.199991 8.960765 1
3.399999 8.960769 1
3.600000 8.960770 1
3.800000 8.960770 1
4.000000 8.960770 1
4.200000 8.960770 1
4.400000 8.960770 1
4.600000 8.960770 1
4.800000 8.960770 1
5.000000 8.960770 1
5.200000 8.960770 1
5.400000 8.960770 1
5.600000 8.960770 1
5.800000 8.960770 1
6.000000 8.960770 1
6.200000 8.960770 1
6.400000 8.960770 1
6.600000 8.960770 1
6.800004 8.960769 1
7.000021 8.960766 1
7.200076 8.960763 1
7.400211 8.960773 1
7.600489 8.960849 1
7.800964 8.961123 1
8.001632 8.961826 1
8.202454 8.963049 1
8.403683 8.964512 1
8.604980 8.967175 1
8.804062 8.971238 1
8.975871 8.984391 1
8.927944 8.800052 1
8.955792 8.590317 1
8.960268 8.396417 1
8.960816 8.199830 1
8.960321 8.001071 1
8.960053 7.801050 1
8.960171 7.600637 1
8.960424 7.400289 1
1.039239 3.199976 2
8.960624 7.200102 2
1.212449 3.299958 1
1.212438 3.499990 1
1.212436 3.699999 1
1.212436 3.900000 1
1.212436 4.100000 1
1.212436 4.300000 1
1.212436 4.500000 1
1.212436 4.700000 1
1.212436 4.900000 1
1.212436 5.100000 1
1.212436 5.300000 1
1.212436 5.500000 1
1.212436 5.700000 1
1.212436 5.900000 1
1.212436 6.100000 1
1.212436 6.300000 1
1.212436 6.500001 1
1.212441 6.700006 1
1.212470 6.900021 1
1.212568 7.100065 1
1.212807 7.300199 1
1.213204 7.500542 1
1.213525 7.701184 1
1.213168 7.901902 1
1.211372 8.101635 1
1.208524 8.298485 1
1.207365 8.490920 1
1.198787 8.657331 1
1.289487 8.798874 1
1.491479 8.791008 1
1.693833 8.790569 1
1.894788 8.788484 1
2.096297 8.787249 1
2.297776 8.787024 1
2.498837 8.787168 1
2.699479 8.787353 1
2.899807 8.787477 1
3.099944 8.787536 1
3.299988 8.787558 1
3.499998 8.787563 1
3.700000 8.787564 1
3.900000 8.787564 1
4.100000 8.787564 1
4.300000 8.787564 1
4.500000 8.787564 1
4.700000 8.787564 1
4.900000 8.787564 1
5.100000 8.787564 1
5.300000 8.787564 1
5.500000 8.787564 1
5.700000 8.787564 1
5.900000 8.787564 1
6.100000 8.787564 1
6.300000 8.787564 1
6.500001 8.787563 1
6.700006 8.787560 1
6.900033 8.787551 1
7.100119 8.787532 1
7.300333 8.787510 1
7.500772 8.787518 1
7.701538 8.787665 1
7.902682 8.788234 1
8.103920 8.789767 1
8.304799 8.791993 1
8.507434 8.792245 1
8.710189 8.799296 1
8.800416 8.657840 1
8.791305 8.492050 1
8.790014 8.299849 1
8.787310 8.102899 1
8.785805 7.902880 1
8.785787 7.701822 1
8.786403 7.500889 1
8.787004 7.300355 2
1.212491 3.099857 2
1.385725 3.199780 2
1.385661 3.399933 1
1.385644 3.599984 1
1.385641 3.799997 1
1.385641 4.000000 1
1.385641 4.200000 1
1.385641 4.400000 1
1.385641 4.600000 1
1.385641 4.800000 1
1.385641 5.000000 1
1.385641 5.200000 1
1.385641 5.400000 1
1.385641 5.600000 1
1.385641 5.800000 1
1.385641 6.000000 1
1.385641 6.200000 1
1.385641 6.400003 1
1.385645 6.600013 1
1.385671 6.800036 1
1.385785 7.000087 1
1.386127 7.200213 1
1.386880 7.400575 1
1.388046 7.601508 1
1.388889 7.803306 1
1.387798 8.005581 1
1.382062 8.205519 1
1.373500 8.398758 1
1.381267 8.605203 1
1.592447 8.622175 1
1.789969 8.617206 1
1.991925 8.613585 1
2.194823 8.613128 1
2.396979 8.613378 1
2.598446 8.613739 1
2.799324 8.614036 1
2.999760 8.614221 1
3.199934 8.614312 1
3.399987 8.614347 1
3.599998 8.614357 1
3.800000 8.614359 1
4.000000 8.614359 1
4.200000 8.614359 1
4.400000 8.614359 1
4.600000 8.614359 1
4.800000 8.614359 1
5.000000 8.614359 1
5.200000 8.614359 1
5.400000 8.614359 1
5.600000 8.614359 1
5.800000 8.614359 1
6.000000 8.614359 1
6.200000 8.614359 1
6.400001 8.614357 1
6.600008 8.614349 1
6.800041 8.614325 1
7.000158 8.614272 1
7.200464 8.614189 1
7.401100 8.614105 1
7.602202 8.614091 1
7.803920 8.614282 1
8.006411 8.615168 1
8.208127 8.619066 1
8.405689 8.624035 1
8.617222 8.606673 1
8.624592 8.400598 1
8.616014 8.207366 1
8.610533 8.007153 1
8.609851 7.804448 1
8.611132 7.602213 1
8.612662 7.400936 1
8.613657 7.200366 2
1.558960 3.299690 2
1.558875 3.499902 1
1.558851 3.699975 1
1.558847 3.899996 1
1.558846 4.099999 1
1.558846 4.300000 1
1.558846 4.500000 1
1.558846 4.700000 1
1.558846 4.900000 1
1.558846 5.100000 1
1.558846 5.300000 1
1.558846 5.500000 1
1.558846 5.700000 1
1.558846 5.900000 1
1.558846 6.100001 1
1.558845 6.300006 1
1.558846 6.500023 1
1.558861 6.700066 1
1.558951 6.900141 1
1.559287 7.100255 1
1.560212 7.300487 1
1.562179 7.501207 1
1.565275 7.703406 1
1.567110 7.907842 1
1.565199 8.115053 1
1.546206 8.315174 1
1.515137 8.478414 1
1.681332 8.452022 1
1.883240 8.437768 1
2.089862 8.438546 1
2.293504 8.439113 1
2.496213 8.439630 1
2.698119 8.440176 1
2.899234 8.440637 1
3.099753 8.440932 1
3.299941 8.441079 1
3.499990 8.441135 1
3.699999 8.441151 1
3.900000 8.441154 1
4.100000 8.441154 1
4.300000 8.441154 1
4.500000 8.441154 1
4.700000 8.441154 1
4.900000 8.441154 1
5.100000 8.441154 1
5.300000 8.441154 1
5.500000 8.441154 1
5.700000 8.441154 1
5.900000 8.441154 1
6.100000 8.441154 1
6.300001 8.441152 1
6.500006 8.441138 1
6.700037 8.441092 1
6.900167 8.440974 1
7.100551 8.440766 1
7.301406 8.440505 1
7.502907 8.440312 1
7.705102 8.440290 1
7.908232 8.440257 1
8.114511 8.439873 1
8.316344 8.454264 1
8.482716 8.480515 1
8.451464 8.317411 1
8.432551 8.117146 1
8.430984 7.909530 1
8.433331 7.704561 1
8.436935 7.501875 1
8.439303 7.300807 1
8.440486 7.100379 2
1.732201 3.399587 2
1.732091 3.599865 1
1.732059 3.799964 1
1.732052 3.999993 1
1.732051 4.199999 1
1.732051 4.400000 1
1.732051 4.600000 1
1.732051 4.800000 1
1.732051 5.000000 1
1.732051 5.200000 1
1.732051 5.400000 1
1.732051 5.600000 1
1.732051 5.800000 1
1.732051 6.000001 1
1.732049 6.200009 1
1.732046 6.400037 1
1.732044 6.600110 1
1.732081 6.800243 1
1.732294 7.000411 1
1.733050 7.200540 1
1.735063 7.400663 1
1.739484 7.601478 1
1.748008 7.806480 1
1.749123 8.015097 1
1.759415 8.243134 1
1.984877 8.263465 1
2.188312 8.264641 1
2.392163 8.264791 1
2.595653 8.265425 1
2.798052 8.266356 1
2.999314 8.267144 1
3.199824 8.267626 1
3.399973 8.267846 1
3.600001 8.267923 1
3.800002 8.267944 1
4.000000 8.267949 1
4.200000 8.267949 1
4.400000 8.267949 1
4.600000 8.267949 1
4.800000 8.267949 1
5.000000 8.267949 1
5.200000 8.267949 1
5.400000 8.267949 1
5.600000 8.267949 1
5.800000 8.267949 1
6.000000 8.267950 1
6.200001 8.267948 1
6.400003 8.267935 1
6.600019 8.267870 1
6.800119 8.267676 1
7.000500 8.267258 1
7.201506 8.266623 1
7.403491 8.265994 1
7.606437 8.265835 1
7.809722 8.266250 1
8.012724 8.265565 1
8.238058 8.245457 1
8.248485 8.017168 1
8.250033 7.808044 1
8.259111 7.602485 1
8.264059 7.401207 1
8.266472 7.200780 2
1.905448 3.499480 2
1.905309 3.699824 1
1.905268 3.899951 1
1.905258 4.099989 1
1.905256 4.299998 1
1.905256 4.500000 1
1.905256 4.700000 1
1.905256 4.900000 1
1.905256 5.100000 1
1.905256 5.300000 1
1.905256 5.500000 1
1.905256 5.700000 1
1.905255 5.900002 1
1.905252 6.100012 1
1.905241 6.300050 1
1.905221 6.500155 1
1.905201 6.700376 1
1.905248 6.900702 1
1.905595 7.100961 1
1.906852 7.300796 1
1.910262 7.499844 1
1.918193 7.697887 1
1.950637 7.914224 1
1.905195 8.105431 1
2.081671 8.092043 1
2.285515 8.089336 1
2.491219 8.088972 1
2.695870 8.090572 1
2.898513 8.092359 1
3.099648 8.093670 1
3.299981 8.094345 1
3.500030 8.094620 1
3.700018 8.094711 1
3.900006 8.094737 1
4.100001 8.094743 1
4.300000 8.094744 1
4.500000 8.094744 1
4.700000 8.094744 1
4.900000 8.094744 1
5.100000 8.094744 1
5.300000 8.094744 1
5.500000 8.094744 1
5.700000 8.094745 1
5.900001 8.094746 1
6.100003 8.094748 1
6.300003 8.094746 1
6.499997 8.094692 1
6.700018 8.094465 1
6.900240 8.093843 1
7.101136 8.092621 1
7.303385 8.091028 1
7.507507 8.089787 1
7.712632 8.090658 1
7.916001 8.093883 1
8.092253 8.107602 1
8.047065 7.915984 1
8.079967 7.699140 1
8.088432 7.500603 1
8.092319 7.301176 1
8.093918 7.101106 2
2.078700 3.599380 2
2.078535 3.799781 1
2.078482 3.999936 1
2.078466 4.199985 1
2.078462 4.399997 1
2.078461 4.600000 1
2.078461 4.800000 1
2.078461 5.000000 1
2.078461 5.200000 1
2.078461 5.400000 1
2.078461 5.600000 1
2.078460 5.800002 1
2.078453 6.000012 1
2.078431 6.200055 1
2.078385 6.400184 1
2.078314 6.600483 1
2.078237 6.801019 1
2.078204 7.001676 1
2.078452 7.201922 1
2.079786 7.400774 1
2.083716 7.597122 1
2.078538 7.767920 1
2.174426 7.914770 1
2.383395 7.908900 1
2.592511 7.912008 1
2.797459 7.915435 1
2.999648 7.918645 1
3.200182 7.920352 1
3.400192 7.921098 1
3.600108 7.921392 1
3.800045 7.921496 1
4.000014 7.921528 1
4.200003 7.921536 1
4.400000 7.921538 1
4.600000 7.921539 1
4.800000 7.921539 1
5.000000 7.921539 1
5.200000 7.921539 1
5.400000 7.921539 1
5.600000 7.921539 1
5.800000 7.921542 1
6.000003 7.921551 1
6.200006 7.921570 1
6.399990 7.921570 1
6.599923 7.921422 1
6.799852 7.920802 1
7.000161 7.919147 1
7.201972 7.915965 1
7.406426 7.912672 1
7.615009 7.909873 1
7.823510 7.916173 1
7.919465 7.769210 1
7.914666 7.598018 1
7.919014 7.401294 1
7.920671 7.202161 1
7.921124 7.001723 2
2.251976 3.699291 2
2.251779 3.899743 2
2.251704 4.099922 2
2.251678 4.299981 1
2.251669 4.499996 1
2.251667 4.699999 1
2.251666 4.900000 1
2.251666 5.100000 1
2.251666 5.300000 1
2.251666 5.500000 1
2.251665 5.700000 1
2.251654 5.900009 1
2.251617 6.100050 1
2.251531 6.300183 1
2.251385 6.500513 1
2.251218 6.701183 1
2.251061 6.902292 1
2.250695 7.103502 1
2.250006 7.303535 1
2.250219 7.500392 1
2.266146 7.714409 1
2.489129 7.730742 1
2.696465 7.733715 1
2.900723 7.741913 1
3.101047 7.745561 1
3.300744 7.747126 1
3.500437 7.747838 1
3.700216 7.748157 1
3.900084 7.748278 1
4.100024 7.748317 1
4.300004 7.748328 1
4.500000 7.748332 1
4.700000 7.748333 1
4.900000 7.748334 1
5.100000 7.748334 1
5.300000 7.748334 1
5.500000 7.748334 1
5.699999 7.748337 1
5.900002 7.748352 1
6.100009 7.748398 1
6.300004 7.748482 1
6.499908 7.748530 1
6.699587 7.748238 1
6.899025 7.746879 1
7.098901 7.743095 1
7.302651 7.734631 1
7.509539 7.731553 1
7.732167 7.715353 1
7.748335 7.501046 1
7.748656 7.303959 1
7.747915 7.103678 1
7.747567 6.902187 1
7.921262 6.800952 2
7.747691 6.700889 2
2.424937 4.199905 2
2.424893 4.399971 1
2.424877 4.599992 1
2.424872 4.799998 1
2.424871 5.000000 1
2.424871 5.200000 1
2.424873 5.400000 1
2.424874 5.600000 1
2.424864 5.800005 1
2.424814 6.000040 1
2.424676 6.200160 1
2.424412 6.400469 1
2.424063 6.601118 1
2.423835 6.802324 1
2.423895 7.004465 1
2.422534 7.206843 1
2.418560 7.406425 1
2.403279 7.577728 1
2.592106 7.533823 1
2.806262 7.564362 1
3.003457 7.570261 1
3.202073 7.572492 1
3.401317 7.573784 1
3.600752 7.574581 1
3.800338 7.574939 1
4.000111 7.575061 1
4.200021 7.575100 1
4.399998 7.575116 1
4.599997 7.575124 1
4.799999 7.575128 1
5.000000 7.575129 1
5.200000 7.575129 1
5.400000 7.575129 1
5.599999 7.575131 1
5.800000 7.575148 1
6.000010 7.575214 1
6.200029 7.575380 1
6.399985 7.575666 1
6.599641 7.575929 1
6.798581 7.575597 1
6.996397 7.573352 1
7.192815 7.566543 1
7.406449 7.535078 1
7.595268 7.578503 1
7.579806 7.407219 1
7.575139 7.207515 1
7.573007 7.004591 1
7.573136 6.801752 1
7.573880 6.600250 2
2.598183 4.299863 1
2.598115 4.499947 1
2.598088 4.699982 1
2.598079 4.899995 1
2.598078 5.099999 1
2.598082 5.300001 1
2.598092 5.500003 1
2.598095 5.700013 1
2.598049 5.900046 1
2.597872 6.100151 1
2.597476 6.300423 1
2.596818 6.500985 1
2.596102 6.701903 1
2.596188 6.903456 1
2.598819 7.108148 1
2.593208 7.313585 1
2.737675 7.405842 1
2.907501 7.396818 1
3.104120 7.397239 1
3.303066 7.398692 1
3.502099 7.400577 1
3.701054 7.401469 1
3.900374 7.401756 1
4.100068 7.401834 1
4.299983 7.401870 1
4.499979 7.401898 1
4.699991 7.401915 1
4.899998 7.401922 1
5.100000 7.401924 1
5.300002 7.401923 1
5.500004 7.401923 1
5.700010 7.401937 1
5.900026 7.402008 1
6.100066 7.402225 1
6.300113 7.402696 1
6.499981 7.403486 1
6.699100 7.404406 1
6.896491 7.404594 1
7.091061 7.402380 1
7.260177 7.408800 1
7.404015 7.315458 1
7.395728 7.109600 1
7.396633 6.902971 1
7.398360 6.699879 1
2.598339 4.099661 2
7.400393 6.499015 2
2.771655 4.199502 2
2.771452 4.399749 1
2.771350 4.599888 1
2.771303 4.799959 1
2.771289 4.999989 1
2.771296 5.200000 1
2.771325 5.400011 1
2.771370 5.600039 1
2.771375 5.800104 1
2.771208 6.000234 1
2.770708 6.200493 1
2.769780 6.401011 1
2.768332 6.601799 1
2.766730 6.802329 1
2.767443 7.001482 1
2.789770 7.217824 1
3.004847 7.222243 1
3.205392 7.220417 1
3.405137 7.225986 1
3.602723 7.228052 1
3.800975 7.228528 1
4.000141 7.228550 1
4.199892 7.228564 1
4.399891 7.228621 1
4.599943 7.228674 1
4.799980 7.228704 1
4.999997 7.228715 1
5.200007 7.228717 1
5.400022 7.228714 1
5.600050 7.228718 1
5.800099 7.228773 1
6.000179 7.228998 1
6.200305 7.229566 1
6.400444 7.230638 1
6.600226 7.232457 1
6.798473 7.234999 1
6.993329 7.236845 1
7.204820 7.223364 1
7.218233 7.003456 1
7.218993 6.798610 1
7.225412 6.596582 1
7.227750 6.397942 2
2.945043 4.299105 2
2.944766 4.499521 2
2.944603 4.699786 1
2.944527 4.899924 1
2.944517 5.099982 1
2.944571 5.300014 1
2.944699 5.500071 1
2.944854 5.700213 1
2.944842 5.900488 1
2.944321 6.100876 1
2.943111 6.301359 1
2.941442 6.502273 1
2.938346 6.703360 1
2.933628 6.902309 1
2.919777 7.074007 1
3.103961 7.025118 1
3.312979 7.051863 1
3.506199 7.055682 1
3.702053 7.055967 1
3.900093 7.055463 1
4.099527 7.055203 1
4.299567 7.055236 1
4.499747 7.055355 1
4.699891 7.055447 1
4.899968 7.055492 1
5.100009 7.055508 1
5.300053 7.055508 1
5.500133 7.055498 1
5.700271 7.055514 1
5.900481 7.055684 1
6.100739 7.056276 1
6.301001 7.057511 1
6.501451 7.059349 1
6.701508 7.063075 1
6.898578 7.069412 1
7.067957 7.086519 1
7.022577 6.899694 1
7.050794 6.688996 1
7.055077 6.494744 1
7.228303 6.199261 2
7.055428 6.298376 1
7.054894 6.100076 2
3.118154 4.599186 2
3.117883 4.799658 1
3.117774 4.999887 1
3.117818 5.199984 1
3.118045 5.400070 1
3.118476 5.600294 1
3.118910 5.800822 1
3.118761 6.001706 1
3.117218 6.202582 1
3.114595 6.402964 1
3.113686 6.605107 1
3.105796 6.807573 1
3.246566 6.896933 1
3.411945 6.887214 1
3.603405 6.885714 1
3.799394 6.883211 1
3.998385 6.881881 1
4.198628 6.881684 1
4.399142 6.881866 1
4.599571 6.882074 1
4.799835 6.882210 1
4.999977 6.882277 1
5.200088 6.882298 1
5.400254 6.882287 1
5.600543 6.882260 1
5.801002 6.882306 1
6.001642 6.882720 1
6.202217 6.884153 1
6.402333 6.886526 1
6.604114 6.887469 1
6.805897 6.896061 1
6.895675 6.755200 1
6.886317 6.589180 1
6.884709 6.397314 1
6.881883 6.201017 1
7.054683 5.900492 2
6.880410 6.001700 1
6.880466 5.801201 1
7.054866 5.700380 2
6.881126 5.600614 2
3.291625 4.698853 2
3.291190 4.899559 2
3.291081 5.099869 1
3.291326 5.300003 1
3.292045 5.500215 1
3.293254 5.700898 1
3.294283 5.902485 1
3.293627 6.104989 1
3.288837 6.306361 1
3.282647 6.503179 1
3.298705 6.713931 1
3.504291 6.721057 1
3.696660 6.713190 1
3.895375 6.708621 1
4.096443 6.707893 1
4.297658 6.708089 1
4.498693 6.708449 1
4.699407 6.708754 1
4.899822 6.708954 1
5.100086 6.709057 1
5.300387 6.709079 1
5.500879 6.709036 1
5.701659 6.708968 1
5.902831 6.709016 1
6.104554 6.709742 1
6.305386 6.713605 1
6.502120 6.718897 1
6.712865 6.702562 1
6.719636 6.496871 1
6.710800 6.304371 1
6.705265 6.105090 1
6.704589 5.903231 1
6.705859 5.701594 1
6.707357 5.500651 2
3.464505 4.999568 2
3.464505 5.199877 1
3.465260 5.399986 1
3.467137 5.600390 1
3.470250 5.802162 1
3.472327 6.006245 1
3.471079 6.213562 1
3.453721 6.414768 1
3.425761 6.579841 1
3.588941 6.549791 1
3.787873 6.533646 1
3.992395 6.533657 1
4.194744 6.533955 1
4.396751 6.534371 1
4.598332 6.534884 1
4.799354 6.535357 1
4.999966 6.535686 1
5.200480 6.535843 1
5.401215 6.535832 1
5.602376 6.535713 1
5.804008 6.535583 1
6.006344 6.535356 1
6.211658 6.534869 1
6.412555 6.549319 1
6.578311 6.575870 1
6.546807 6.413328 1
6.527711 6.214071 1
6.525961 6.007545 1
6.528104 5.803442 1
6.531502 5.601285 1
6.533750 5.400454 2
3.637753 5.099737 2
3.638042 5.299843 1
3.639778 5.499630 1
3.644010 5.699929 1
3.652457 5.904323 1
3.653785 6.112446 1
3.664689 6.340184 1
3.888225 6.359203 1
4.090245 6.359823 1
4.293159 6.359688 1
4.496118 6.360181 1
4.698299 6.361084 1
4.899611 6.361925 1
5.100480 6.362470 1
5.301454 6.362638 1
5.503009 6.362456 1
5.705275 6.362261 1
5.907762 6.362350 1
6.109875 6.361391 1
6.334133 6.341391 1
6.344007 6.114423 1
6.344969 5.906408 1
6.353383 5.701550 1
6.357897 5.500551 2
3.810730 5.200062 2
3.811397 5.399538 1
3.814403 5.598020 1
3.822016 5.795403 1
3.854137 6.010942 1
3.809010 6.201818 1
3.984338 6.187819 1
4.187131 6.184612 1
4.392108 6.183928 1
4.596367 6.185392 1
4.798958 6.187218 1
5.000427 6.188671 1
5.201601 6.189420 1
5.403275 6.189375 1
5.606243 6.188517 1
5.810252 6.188671 1
6.012845 6.191037 1
6.188544 6.204307 1
6.142501 6.014085 1
6.173831 5.798148 1
6.180956 5.599769 1
6.184464 5.400049 2
3.982996 5.300550 1
3.983646 5.498712 1
3.987065 5.694353 1
3.981576 5.864599 1
4.076795 6.010706 1
4.284914 6.004316 1
4.493441 6.007114 1
4.698170 6.010512 1
4.900598 6.013912 1
5.101937 6.015899 1
5.303375 6.016687 1
5.505675 6.015846 1
5.711651 6.011814 1
5.919065 6.015594 1
6.013193 5.868949 1
6.005376 5.697934 1
6.007524 5.499849 1
3.983922 5.100821 2
6.010387 5.299516 2
4.155569 5.202445 1
4.153769 5.401451 1
4.153236 5.597424 1
4.168516 5.810633 1
4.390712 5.826420 1
4.597642 5.829285 1
4.801918 5.837666 1
5.002956 5.841684 1
5.204089 5.843764 1
5.405334 5.844797 1
5.605592 5.842818 1
5.823790 5.818390 1
5.830368 5.601433 1
5.830495 5.399161 1
6.012669 5.099244 2
5.837409 5.197886 1
4.158014 5.002370 2
5.839147 4.999345 2
4.329537 5.104638 1
4.326573 5.305268 1
4.321475 5.503583 1
4.305547 5.674067 1
4.494113 5.630286 1
4.707891 5.660985 1
4.905374 5.667368 1
5.105484 5.669804 1
5.307206 5.672304 1
5.507359 5.675951 1
5.680120 5.688616 1
5.632827 5.502974 1
5.661818 5.291677 1
5.666818 5.097191 1
4.332259 4.905314 2
5.666323 4.901888 2
4.502879 5.005909 1
4.503939 5.207926 1
4.496449 5.411569 1
4.640123 5.503543 1
4.809714 5.495664 1
5.006308 5.496612 1
5.208943 5.495486 1
5.413343 5.502380 1
5.504851 5.359362 1
5.496418 5.191912 1
5.497002 4.999701 1
4.503991 4.810073 2
5.495658 4.807553 2
4.673819 4.906794 2
4.676157 5.103004 1
4.693971 5.318064 1
4.906869 5.326146 1
5.103649 5.323884 1
5.319131 5.306384 1
5.327497 5.096061 1
5.327126 4.903711 1
5.317714 4.693514 2
4.857446 5.002383 1
4.827077 5.178535 1
5.002749 5.143690 1
5.179523 5.174121 1
5.145241 5.000305 1
5.178312 4.826221 1
5.100462 4.676728 2
4.822480 4.827415 2
5.000582 4.858382 2
5.001305 5.000966 1
 0 1 2
 2 3 4
 4 5 6
 6 7 8
 8 9 10
 10 11 12
 12 13 14
 14 15 16
 16 17 18
 18 19 20
 21 20 22
 23 24 21
 25 26 24
 27 28 26
 29 30 28
 31 32 30
 33 34 32
 35 36 34
 37 38 36
 39 40 38
 41 42 40
 43 44 42
 45 46 44
 47 48 46
 49 50 48
 51 52 50
 53 54 52
 55 56 54
 57 58 56
 59 60 58
 61 62 60
 63 64 62
 65 66 64
 67 68 66
 68 69 70
 69 71 70
 71 72 73
 73 74 75
 75 76 77
 77 78 79
 79 80 81
 81 82 83
 83 84 85
 85 86 87
 87 88 89
 89 90 91
 91 92 93
 93 94 95
 95 96 97
 97 98 99
 99 100 101
 101 102 103
 103 104 105
 105 106 107
 107 108 109
 109 110 111
 111 112 113
 113 114 115
 115 116 117
 117 118 119
 120 119 121
 122 123 120
 124 125 123
 126 127 125
 128 129 127
 130 131 129
 132 133 131
 134 135 133
 136 137 135
 138 139 137
 140 141 139
 142 143 141
 144 145 143
 146 147 145
 148 149 147
 150 151 149
 152 153 151
 154 155 153
 156 157 155
 158 159 157
 160 161 159
 162 163 161
 164 165 163
 166 167 165
 167 168 169
 168 170 169
 171 172 170
 172 173 174
 174 175 176
 176 177 178
 178 179 180
 180 181 182
 182 183 184
 184 185 186
 186 187 188
 188 189 190
 190 191 192
 192 193 194
 194 195 196
 2 1 3
 4 3 5
 6 5 7
 8 7 9
 10 9 11
 12 11 13
 14 13 15
 16 15 17
 18 17 19
 22 20 19
 22 23 21
 23 25 24
 25 27 26
 27 29 28
 29 31 30
 31 33 32
 33 35 34
 35 37 36
 37 39 38
 39 41 40
 41 43 42
 43 45 44
 45 47 46
 47 49 48
 49 51 50
 51 53 52
 53 55 54
 55 57 56
 57 59 58
 59 61 60
 61 63 62
 63 65 64
 65 67 66
 197 68 67
 69 68 197
 71 69 197
 72 74 73
 71 197 72
 74 76 75
 76 78 77
 78 80 79
 80 82 81
 82 84 83
 84 86 85
 86 88 87
 88 90 89
 90 92 91
 92 94 93
 94 96 95
 96 98 97
 98 100 99
 100 102 101
 102 104 103
 104 106 105
 106 108 107
 108 110 109
 110 112 111
 112 114 113
 114 116 115
 116 118 117
 118 121 119
 121 122 120
 122 124 123
 124 126 125
 126 128 127
 128 130 129
 130 132 131
 132 134 133
 134 136 135
 136 138 137
 138 140 139
 140 142 141
 142 144 143
 144 146 145
 146 148 147
 148 150 149
 150 152 151
 152 154 153
 154 156 155
 156 158 157
 158 160 159
 160 162 161
 162 164 163
 164 166 165
 167 166 168
 168 171 170
 173 172 171
 173 175 174
 175 177 176
 177 179 178
 179 181 180
 181 183 182
 183 185 184
 185 187 186
 187 189 188
 189 191 190
 191 193 192
 193 195 194
 195 198 196
 199 3 1
 200 5 3
 201 7 5
 7 202 9
 9 203 11
 11 204 13
 13 205 15
 15 206 17
 17 207 19
 22 19 208
 23 22 209
 25 23 210
 27 25 211
 29 27 212
 31 29 213
 33 31 214
 35 33 215
 37 35 216
 39 37 217
 41 39 218
 43 41 219
 45 43 220
 47 45 221
 49 47 222
 51 49 223
 53 51 224
 55 53 225
 57 55 226
 59 57 227
 61 59 228
 63 61 229
 65 63 230
 67 65 231
 67 72 197
 231 74 72
 74 232 76
 76 233 78
 78 234 80
 80 235 82
 82 236 84
 237 86 84
 86 238 88
 88 239 90
 90 240 92
 92 241 94
 94 242 96
 96 243 98
 98 244 100
 100 245 102
 102 246 104
 104 247 106
 106 248 108
 108 249 110
 110 250 112
 112 251 114
 114 252 116
 116 253 118
 118 254 121
 122 121 255
 124 122 256
 126 124 257
 128 126 258
 130 128 259
 132 130 260
 134 132 261
 136 134 262
 138 136 263
 140 138 264
 142 140 265
 144 142 266
 146 144 267
 148 146 268
 150 148 269
 152 150 270
 154 152 271
 156 154 272
 158 156 273
 160 158 274
 162 160 275
 164 162 276
 164 277 166
 171 168 166
 173 171 277
 173 278 175
 175 279 177
 177 280 179
 179 281 181
 181 282 183
 283 185 183
 185 284 187
 187 285 189
 189 286 191
 191 287 193
 193 288 195
 195 289 198
 199 200 3
 200 201 5
 7 201 202
 9 202 203
 11 203 204
 13 204 205
 15 205 206
 17 206 207
 208 19 207
 209 22 208
 210 23 209
 211 25 210
 212 27 211
 213 29 212
 214 31 213
 215 33 214
 216 35 215
 217 37 216
 218 39 217
 219 41 218
 220 43 219
 221 45 220
 222 47 221
 223 49 222
 224 51 223
 225 53 224
 226 55 225
 227 57 226
 228 59 227
 229 61 228
 230 63 229
 231 65 230
 67 231 72
 232 74 231
 232 233 76
 233 234 78
 234 235 80
 235 236 82
 236 237 84
 238 86 237
 238 239 88
 239 240 90
 240 241 92
 241 242 94
 242 243 96
 243 244 98
 244 245 100
 245 246 102
 246 247 104
 247 248 106
 248 249 108
 249 250 110
 250 251 112
 251 252 114
 252 253 116
 253 254 118
 254 255 121
 256 122 255
 257 124 256
 258 126 257
 259 128 258
 260 130 259
 261 132 260
 262 134 261
 263 136 262
 264 138 263
 265 140 264
 266 142 265
 267 144 266
 268 146 267
 269 148 268
 270 150 269
 271 152 270
 272 154 271
 273 156 272
 274 158 273
 275 160 274
 276 162 275
 164 276 277
 277 171 166
 173 277 278
 278 279 175
 279 280 177
 280 281 179
 281 282 181
 282 283 183
 284 185 283
 284 285 187
 285 286 189
 286 287 191
 287 288 193
 288 289 195
 289 290 198
 199 291 200
 200 292 201
 201 293 202
 203 202 294
 204 203 295
 205 204 296
 206 205 297
 207 206 298
 299 208 207
 209 208 300
 210 209 301
 211 210 302
 212 211 303
 213 212 304
 214 213 305
 215 214 306
 216 215 307
 217 216 308
 218 217 309
 219 218 310
 220 219 311
 221 220 312
 222 221 313
 222 314 223
 224 223 315
 225 224 316
 226 225 317
 227 226 318
 228 227 319
 229 228 320
 321 230 229
 231 230 322
 231 322 232
 232 323 233
 233 324 234
 234 325 235
 235 326 236
 236 327 237
 237 328 238
 238 329 239
 330 240 239
 240 331 241
 241 332 242
 242 333 243
 243 334 244
 244 335 245
 245 336 246
 246 337 247
 247 338 248
 248 339 249
 249 340 250
 250 341 251
 251 342 252
 252 343 253
 253 344 254
 255 254 345
 256 255 346
 257 256 347
 348 258 257
 259 258 349
 260 259 350
 261 260 351
 262 261 352
 263 262 353
 264 263 354
 265 264 355
 266 265 356
 267 266 357
 268 267 358
 268 359 269
 270 269 360
 271 270 361
 272 271 362
 273 272 363
 274 273 364
 365 275 274
 276 275 366
 367 277 276
 278 277 367
 278 368 279
 279 369 280
 280 370 281
 281 371 282
 282 372 283
 283 373 284
 284 374 285
 375 286 285
 286 376 287
 287 377 288
 288 378 289
 289 379 290
 200 291 292
 201 292 293
 294 202 293
 295 203 294
 296 204 295
 297 205 296
 298 206 297
 298 299 207
 300 208 299
 301 209 300
 302 210 301
 303 211 302
 304 212 303
 305 213 304
 306 214 305
 307 215 306
 308 216 307
 309 217 308
 310 218 309
 311 219 310
 312 220 311
 313 221 312
 222 313 314
 315 223 314
 316 224 315
 317 225 316
 318 226 317
 319 227 318
 320 228 319
 320 321 229
 322 230 321
 232 322 323
 323 324 233
 324 325 234
 325 326 235
 326 327 236
 327 328 237
 328 329 238
 329 330 239
 331 240 330
 331 332 241
 332 333 242
 333 334 243
 334 335 244
 335 336 245
 336 337 246
 337 338 247
 338 339 248
 339 340 249
 340 341 250
 341 342 251
 342 343 252
 343 344 253
 344 345 254
 255 345 346
 347 256 346
 347 348 257
 349 258 348
 350 259 349
 351 260 350
 352 261 351
 353 262 352
 354 263 353
 355 264 354
 356 265 355
 357 266 356
 358 267 357
 268 358 359
 360 269 359
 361 270 360
 362 271 361
 363 272 362
 364 273 363
 364 365 274
 366 275 365
 367 276 366
 278 367 368
 368 369 279
 369 370 280
 370 371 281
 371 372 282
 372 373 283
 373 374 284
 374 375 285
 376 286 375
 376 377 287
 377 378 288
 378 379 289
 292 291 380
 293 292 381
 294 293 382
 383 295 294
 384 296 295
 385 297 296
 386 298 297
 299 298 387
 300 299 388
 301 300 389
 302 301 390
 303 302 391
 304 303 392
 305 304 393
 306 305 394
 307 306 395
 308 307 396
 309 308 397
 310 309 398
 311 310 399
 311 400 312
 313 312 401
 314 313 402
 315 314 403
 316 315 404
 317 316 405
 318 317 406
 319 318 407
 320 319 408
 321 320 409
 323 322 321
 323 410 324
 324 411 325
 412 326 325
 326 413 327
 327 414 328
 328 415 329
 416 330 329
 330 417 331
 331 418 332
 419 333 332
 333 420 334
 421 335 334
 335 422 336
 336 423 337
 337 424 338
 338 425 339
 339 426 340
 427 341 340
 341 428 342
 342 429 343
 343 430 344
 344 431 345
 346 345 432
 347 346 433
 434 348 347
 349 348 435
 350 349 436
 351 350 437
 352 351 438
 353 352 439
 354 353 440
 355 354 441
 356 355 442
 357 356 443
 358 357 444
 359 358 445
 360 359 446
 361 360 447
 362 361 448
 363 362 449
 364 363 450
 365 364 451
 452 366 365
 368 367 366
 368 453 369
 369 454 370
 455 371 370
 371 456 372
 372 457 373
 373 458 374
 459 375 374
 375 460 376
 376 461 377
 462 378 377
 378 463 379
 380 291 464
 381 292 380
 382 293 381
 382 383 294
 383 384 295
 384 385 296
 385 386 297
 387 298 386
 388 299 387
 389 300 388
 390 301 389
 391 302 390
 392 303 391
 393 304 392
 394 305 393
 395 306 394
 396 307 395
 397 308 396
 398 309 397
 399 310 398
 311 399 400
 401 312 400
 402 313 401
 403 314 402
 404 315 403
 405 316 404
 406 317 405
 407 318 406
 408 319 407
 409 320 408
 323 321 409
 410 411 324
 323 409 410
 411 412 325
 413 326 412
 413 414 327
 414 415 328
 415 416 329
 417 330 416
 417 418 331
 418 419 332
 420 333 419
 420 421 334
 422 335 421
 422 423 336
 423 424 337
 424 425 338
 425 426 339
 426 427 340
 428 341 427
 428 429 342
 429 430 343
 430 431 344
 431 432 345
 346 432 433
 433 434 347
 435 348 434
 436 349 435
 437 350 436
 438 351 437
 439 352 438
 440 353 439
 441 354 440
 442 355 441
 443 356 442
 444 357 443
 445 358 444
 446 359 445
 447 360 446
 448 361 447
 449 362 448
 450 363 449
 451 364 450
 451 452 365
 368 366 452
 453 454 369
 368 452 453
 454 455 370
 456 371 455
 456 457 372
 457 458 373
 458 459 374
 460 375 459
 460 461 376
 461 462 377
 463 378 462
 465 380 464
 466 381 380
 467 382 381
 383 382 468
 384 383 469
 385 384 470
 386 385 471
 387 386 472
 388 387 473
 389 388 474
 390 389 475
 391 390 476
 392 391 477
 393 392 478
 394 393 479
 394 480 395
 396 395 481
 396 482 397
 397 483 398
 484 399 398
 400 399 485
 400 486 401
 402 401 487
 403 402 488
 404 403 489
 405 404 490
 405 491 406
 406 492 407
 408 407 493
 409 408 494
 494 411 410
 409 494 410
 411 495 412
 496 413 412
 497 414 413
 414 498 415
 415 499 416
 416 500 417
 417 501 418
 502 419 418
 419 503 420
 420 504 421
 505 422 421
 506 423 422
 423 507 424
 508 425 424
 425 509 426
 426 510 427
 427 511 428
 428 512 429
 429 513 430
 430 514 431
 515 432 431
 516 433 432
 517 434 433
 518 435 434
 436 435 519
 437 436 520
 438 437 521
 439 438 522
 439 523 440
 441 440 524
 442 441 525
 443 442 526
 444 443 527
 445 444 528
 446 445 529
 447 446 530
 448 447 531
 448 532 449
 449 533 450
 451 450 534
 452 451 535
 535 454 453
 452 535 453
 454 536 455
 537 456 455
 538 457 456
 457 539 458
 458 540 459
 459 541 460
 460 542 461
 543 462 461
 462 544 463
 465 466 380
 466 467 381
 468 382 467
 469 383 468
 470 384 469
 471 385 470
 472 386 471
 473 387 472
 474 388 473
 475 389 474
 476 390 475
 477 391 476
 478 392 477
 479 393 478
 394 479 480
 481 395 480
 396 481 482
 397 482 483
 483 484 398
 485 399 484
 400 485 486
 487 401 486
 488 402 487
 489 403 488
 490 404 489
 405 490 491
 406 491 492
 493 407 492
 494 408 493
 495 411 494
 495 496 412
 497 413 496
 498 414 497
 498 499 415
 499 500 416
 500 501 417
 501 502 418
 503 419 502
 503 504 420
 504 505 421
 506 422 505
 507 423 506
 507 508 424
 509 425 508
 509 510 426
 510 511 427
 511 512 428
 512 513 429
 513 514 430
 514 515 431
 516 432 515
 517 433 516
 517 518 434
 519 435 518
 520 436 519
 521 437 520
 522 438 521
 439 522 523
 524 440 523
 525 441 524
 526 442 525
 527 443 526
 528 444 527
 529 445 528
 530 446 529
 531 447 530
 448 531 532
 449 532 533
 534 450 533
 535 451 534
 536 454 535
 536 537 455
 538 456 537
 539 457 538
 539 540 458
 540 541 459
 541 542 460
 542 543 461
 544 462 543
 466 465 545
 467 466 546
 468 467 547
 469 468 548
 470 469 549
 471 470 550
 551 472 471
 552 473 472
 474 473 553
 475 474 554
 475 555 476
 476 556 477
 557 478 477
 478 558 479
 479 559 480
 481 480 560
 482 481 561
 483 482 562
 483 563 484
 485 484 564
 486 485 565
 487 486 566
 488 487 567
 489 488 568
 489 569 490
 490 570 491
 491 571 492
 493 492 572
 494 493 573
 494 573 495
 495 574 496
 575 497 496
 498 497 576
 577 499 498
 499 578 500
 500 579 501
 501 580 502
 502 581 503
 503 582 504
 583 505 504
 505 584 506
 506 585 507
 507 586 508
 587 509 508
 588 510 509
 510 589 511
 590 512 511
 591 513 512
 513 592 514
 593 515 514
 515 594 516
 516 595 517
 518 517 596
 519 518 597
 519 598 520
 520 599 521
 522 521 600
 523 522 601
 524 523 602
 525 524 603
 526 525 604
 605 527 526
 606 528 527
 529 528 607
 530 529 608
 530 609 531
 531 610 532
 532 611 533
 534 533 612
 535 534 613
 535 613 536
 536 614 537
 615 538 537
 539 538 616
 617 540 539
 540 618 541
 541 619 542
 542 620 543
 544 543 621
 545 465 622
 546 466 545
 547 467 546
 548 468 547
 549 469 548
 550 470 549
 550 551 471
 551 552 472
 553 473 552
 554 474 553
 475 554 555
 476 555 556
 556 557 477
 478 557 558
 479 558 559
 560 480 559
 561 481 560
 562 482 561
 483 562 563
 564 484 563
 565 485 564
 566 486 565
 567 487 566
 568 488 567
 489 568 569
 490 569 570
 491 570 571
 572 492 571
 573 493 572
 495 573 574
 574 575 496
 576 497 575
 498 576 577
 578 499 577
 578 579 500
 579 580 501
 580 581 502
 581 582 503
 582 583 504
 584 505 583
 584 585 506
 585 586 507
 586 587 508
 588 509 587
 589 510 588
 589 590 511
 591 512 590
 592 513 591
 592 593 514
 594 515 593
 594 595 516
 595 596 517
 597 518 596
 519 597 598
 520 598 599
 600 521 599
 601 522 600
 602 523 601
 603 524 602
 604 525 603
 604 605 526
 605 606 527
 607 528 606
 608 529 607
 530 608 609
 531 609 610
 532 610 611
 612 533 611
 613 534 612
 536 613 614
 614 615 537
 616 538 615
 539 616 617
 618 540 617
 618 619 541
 619 620 542
 620 621 543
 544 621 623
 545 622 624
 546 545 625
 547 546 626
 627 548 547
 549 548 628
 550 549 629
 551 550 630
 552 551 631
 553 552 632
 554 553 633
 554 634 555
 555 635 556
 636 557 556
 558 557 637
 559 558 638
 560 559 639
 561 560 640
 562 561 641
 642 563 562
 564 563 643
 644 565 564
 566 565 645
 567 566 646
 567 647 568
 648 569 568
 569 649 570
 570 650 571
 651 572 571
 573 572 574
 574 652 575
 653 576 575
 577 576 654
 578 577 655
 656 579 578
 579 657 580
 658 581 580
 581 659 582
 582 660 583
 583 661 584
 584 662 585
 663 586 585
 664 587 586
 587 665 588
 588 666 589
 589 667 590
 668 591 590
 669 592 591
 670 593 592
 671 594 593
 595 594 672
 596 595 673
 597 596 674
 598 597 675
 599 598 676
 599 677 600
 601 600 678
 602 601 679
 680 603 602
 681 604 603
 605 604 682
 606 605 683
 684 607 606
 607 685 608
 686 609 608
 609 687 610
 610 688 611
 612 611 689
 614 613 612
 614 690 615
 691 616 615
 692 617 616
 618 617 693
 694 619 618
 619 695 620
 696 621 620
 621 697 623
 624 622 698
 625 545 624
 626 546 625
 626 627 547
 628 548 627
 629 549 628
 630 550 629
 631 551 630
 632 552 631
 633 553 632
 554 633 634
 555 634 635
 635 636 556
 637 557 636
 638 558 637
 639 559 638
 640 560 639
 641 561 640
 641 642 562
 643 563 642
 643 644 564
 645 565 644
 646 566 645
 567 646 647
 647 648 568
 569 648 649
 570 649 650
 650 651 571
 652 572 651
 574 572 652
 652 653 575
 654 576 653
 577 654 655
 578 655 656
 657 579 656
 657 658 580
 659 581 658
 659 660 582
 660 661 583
 661 662 584
 662 663 585
 664 586 663
 665 587 664
 665 666 588
 666 667 589
 667 668 590
 669 591 668
 670 592 669
 671 593 670
 672 594 671
 595 672 673
 596 673 674
 675 597 674
 676 598 675
 599 676 677
 678 600 677
 679 601 678
 679 680 602
 680 681 603
 682 604 681
 683 605 682
 683 684 606
 607 684 685
 685 686 608
 609 686 687
 610 687 688
 689 611 688
 614 612 689
 690 691 615
 614 689 690
 692 616 691
 693 617 692
 618 693 694
 695 619 694
 695 696 620
 697 621 696
 699 624 698
 624 700 625
 626 625 701
 627 626 702
 628 627 703
 629 628 704
 705 630 629
 706 631 630
 707 632 631
 708 633 632
 709 634 633
 635 634 710
 636 635 711
 637 636 712
 713 638 637
 714 639 638
 715 640 639
 641 640 716
 642 641 717
 643 642 718
 644 643 719
 720 645 644
 645 721 646
 722 647 646
 723 648 647
 724 649 648
 649 725 650
 651 650 726
 651 726 652
 726 653 652
 727 654 653
 655 654 728
 656 655 729
 657 656 730
 731 658 657
 658 732 659
 659 733 660
 660 734 661
 661 735 662
 662 736 663
 663 737 664
 664 738 665
 665 739 666
 740 667 666
 741 668 667
 668 742 669
 669 743 670
 670 744 671
 745 672 671
 672 746 673
 673 747 674
 674 748 675
 676 675 749
 750 677 676
 751 678 677
 752 679 678
 753 680 679
 680 754 681
 682 681 755
 683 682 756
 683 757 684
 684 758 685
 685 759 686
 686 760 687
 687 761 688
 689 688 762
 762 691 690
 689 762 690
 763 692 691
 764 693 692
 765 694 693
 695 694 766
 767 696 695
 696 768 697
 624 699 700
 701 625 700
 702 626 701
 703 627 702
 704 628 703
 704 705 629
 705 706 630
 706 707 631
 707 708 632
 708 709 633
 710 634 709
 711 635 710
 712 636 711
 712 713 637
 713 714 638
 714 715 639
 716 640 715
 717 641 716
 718 642 717
 719 643 718
 719 720 644
 645 720 721
 721 722 646
 722 723 647
 723 724 648
 649 724 725
 726 650 725
 727 653 726
 728 654 727
 655 728 729
 656 729 730
 657 730 731
 732 658 731
 732 733 659
 733 734 660
 734 735 661
 735 736 662
 736 737 663
 737 738 664
 738 739 665
 739 740 666
 741 667 740
 742 668 741
 742 743 669
 743 744 670
 744 745 671
 746 672 745
 746 747 673
 747 748 674
 749 675 748
 749 750 676
 750 751 677
 751 752 678
 752 753 679
 680 753 754
 755 681 754
 756 682 755
 683 756 757
 684 757 758
 685 758 759
 686 759 760
 687 760 761
 762 688 761
 763 691 762
 764 692 763
 765 693 764
 766 694 765
 695 766 767
 768 696 767
 768 769 697
 700 699 770
 701 700 771
 772 702 701
 703 702 773
 703 774 704
 775 705 704
 776 706 705
 777 707 706
 778 708 707
 709 708 779
 780 710 709
 781 711 710
 782 712 711
 783 713 712
 714 713 784
 715 714 785
 716 715 786
 717 716 787
 788 718 717
 718 789 719
 719 790 720
 720 791 721
 792 722 721
 793 723 722
 794 724 723
 724 795 725
 726 725 796
 726 796 727
 797 728 727
 729 728 798
 729 799 730
 731 730 800
 732 731 801
 802 733 732
 803 734 733
 734 804 735
 735 805 736
 806 737 736
 737 807 738
 738 808 739
 739 809 740
 740 810 741
 741 811 742
 742 812 743
 813 744 743
 744 814 745
 745 815 746
 816 747 746
 817 748 747
 749 748 818
 750 749 819
 751 750 820
 751 821 752
 822 753 752
 754 753 823
 754 824 755
 755 825 756
 826 757 756
 757 827 758
 759 758 828
 759 829 760
 760 830 761
 761 831 762
 831 763 762
 832 764 763
 833 765 764
 766 765 834
 835 767 766
 768 767 836
 837 769 768
 771 700 770
 771 772 701
 773 702 772
 703 773 774
 774 775 704
 775 776 705
 776 777 706
 777 778 707
 779 708 778
 779 780 709
 780 781 710
 781 782 711
 782 783 712
 784 713 783
 785 714 784
 786 715 785
 787 716 786
 787 788 717
 718 788 789
 719 789 790
 720 790 791
 791 792 721
 792 793 722
 793 794 723
 724 794 795
 795 796 725
 796 797 727
 798 728 797
 729 798 799
 799 800 730
 731 800 801
 732 801 802
 803 733 802
 804 734 803
 804 805 735
 805 806 736
 807 737 806
 807 808 738
 808 809 739
 809 810 740
 810 811 741
 811 812 742
 812 813 743
 814 744 813
 814 815 745
 815 816 746
 817 747 816
 818 748 817
 819 749 818
 820 750 819
 751 820 821
 821 822 752
 823 753 822
 754 823 824
 755 824 825
 825 826 756
 757 826 827
 828 758 827
 759 828 829
 760 829 830
 761 830 831
 831 832 763
 833 764 832
 834 765 833
 766 834 835
 836 767 835
 768 836 837
 838 769 837
 839 771 770
 840 772 771
 841 773 772
 773 842 774
 774 843 775
 775 844 776
 776 845 777
 777 846 778
 779 778 847
 848 780 779
 849 781 780
 782 781 850
 783 782 851
 784 783 852
 853 785 784
 786 785 854
 787 786 855
 788 787 856
 788 857 789
 789 858 790
 859 791 790
 860 792 791
 861 793 792
 862 794 793
 794 863 795
 795 797 796
 863 798 797
 799 798 864
 799 865 800
 800 866 801
 802 801 867
 803 802 868
 803 869 804
 870 805 804
 871 806 805
 806 872 807
 808 807 873
 874 809 808
 875 810 809
 876 811 810
 812 811 877
 812 878 813
 814 813 879
 815 814 880
 816 815 881
 817 816 882
 818 817 883
 884 819 818
 885 820 819
 821 820 886
 822 821 887
 822 888 823
 889 824 823
 890 825 824
 825 891 826
 892 827 826
 827 893 828
 828 894 829
 829 895 830
 831 830 832
 895 833 832
 834 833 896
 897 835 834
 836 835 898
 899 837 836
 838 837 900
 839 840 771
 840 841 772
 773 841 842
 774 842 843
 775 843 844
 776 844 845
 777 845 846
 847 778 846
 847 848 779
 848 849 780
 850 781 849
 851 782 850
 852 783 851
 852 853 784
 854 785 853
 855 786 854
 856 787 855
 788 856 857
 789 857 858
 858 859 790
 859 860 791
 860 861 792
 861 862 793
 794 862 863
 863 797 795
 864 798 863
 799 864 865
 865 866 800
 866 867 801
 802 867 868
 803 868 869
 869 870 804
 871 805 870
 872 806 871
 872 873 807
 808 873 874
 875 809 874
 876 810 875
 877 811 876
 812 877 878
 878 879 813
 814 879 880
 815 880 881
 816 881 882
 817 882 883
 818 883 884
 884 885 819
 886 820 885
 887 821 886
 822 887 888
 888 889 823
 889 890 824
 825 890 891
 891 892 826
 827 892 893
 828 893 894
 829 894 895
 895 832 830
 896 833 895
 834 896 897
 898 835 897
 836 898 899
 900 837 899
 839 901 840
 840 902 841
 841 903 842
 904 843 842
 905 844 843
 844 906 845
 845 907 846
 846 908 847
 847 909 848
 849 848 910
 849 911 850
 851 850 912
 852 851 913
 853 852 914
 853 915 854
 855 854 916
 855 917 856
 856 918 857
 857 919 858
 920 859 858
 860 859 921
 922 861 860
 861 923 862
 862 924 863
 924 864 863
 865 864 925
 865 926 866
 866 927 867
 867 928 868
 869 868 929
 870 869 930
 931 871 870
 871 932 872
 933 873 872
 934 874 873
 935 875 874
 875 936 876
 877 876 937
 938 878 877
 939 879 878
 879 940 880
 880 941 881
 881 942 882
 943 883 882
 944 884 883
 884 945 885
 886 885 946
 947 887 886
 948 888 887
 888 949 889
 889 950 890
 951 891 890
 891 952 892
 892 953 893
 893 954 894
 894 955 895
 955 896 895
 956 897 896
 957 898 897
 958 899 898
 900 899 959
 840 901 902
 841 902 903
 903 904 842
 904 905 843
 844 905 906
 845 906 907
 846 907 908
 847 908 909
 910 848 909
 849 910 911
 912 850 911
 913 851 912
 914 852 913
 853 914 915
 916 854 915
 855 916 917
 856 917 918
 857 918 919
 919 920 858
 921 859 920
 921 922 860
 861 922 923
 923 924 862
 925 864 924
 865 925 926
 926 927 866
 927 928 867
 928 929 868
 869 929 930
 870 930 931
 932 871 931
 932 933 872
 934 873 933
 935 874 934
 936 875 935
 936 937 876
 877 937 938
 939 878 938
 940 879 939
 940 941 880
 941 942 881
 942 943 882
 944 883 943
 945 884 944
 946 885 945
 946 947 886
 947 948 887
 888 948 949
 889 949 950
 950 951 890
 891 951 952
 892 952 953
 893 953 954
 954 955 894
 955 956 896
 957 897 956
 958 898 957
 959 899 958
 900 959 960
 961 902 901
 902 962 903
 903 963 904
 904 964 905
 906 905 965
 906 966 907
 907 967 908
 909 908 968
 909 969 910
 910 970 911
 912 911 971
 913 912 972
 914 913 973
 914 974 915
 915 975 916
 917 916 976
 917 977 918
 978 919 918
 920 919 979
 980 921 920
 922 921 981
 922 982 923
 923 925 924
 926 925 983
 926 984 927
 928 927 985
 928 986 929
 929 987 930
 931 930 988
 932 931 989
 990 933 932
 991 934 933
 992 935 934
 993 936 935
 936 994 937
 995 938 937
 996 939 938
 939 997 940
 940 998 941
 942 941 999
 943 942 1000
 944 943 1001
 944 1002 945
 1003 946 945
 946 1004 947
 947 1005 948
 948 1006 949
 949 1007 950
 950 1008 951
 952 951 1009
 952 1010 953
 953 1011 954
 954 956 955
 1012 957 956
 1013 958 957
 959 958 1014
 1015 960 959
 902 961 962
 903 962 963
 904 963 964
 965 905 964
 906 965 966
 907 966 967
 968 908 967
 909 968 969
 910 969 970
 971 911 970
 972 912 971
 973 913 972
 914 973 974
 915 974 975
 976 916 975
 917 976 977
 977 978 918
 979 919 978
 979 980 920
 981 921 980
 922 981 982
 982 983 923
 983 925 923
 926 983 984
 984 985 927
 928 985 986
 986 987 929
 987 988 930
 931 988 989
 932 989 990
 991 933 990
 992 934 991
 993 935 992
 994 936 993
 994 995 937
 996 938 995
 997 939 996
 997 998 940
 998 999 941
 942 999 1000
 943 1000 1001
 944 1001 1002
 1002 1003 945
 946 1003 1004
 947 1004 1005
 948 1005 1006
 949 1006 1007
 950 1007 1008
 1009 951 1008
 952 1009 1010
 953 1010 1011
 1011 956 954
 1011 1012 956
 1013 957 1012
 1014 958 1013
 959 1014 1015
 1016 960 1015
 961 1017 962
 962 1018 963
 964 963 1019
 964 1020 965
 1021 966 965
 1022 967 966
 1023 968 967
 969 968 1024
 969 1025 970
 971 970 1026
 971 1027 972
 973 972 1028
 974 973 1029
 974 1030 975
 975 1031 976
 977 976 1032
 1033 978 977
 978 1034 979
 979 1035 980
 981 980 1036
 1037 982 981
 983 982 1037
 984 983 1037
 984 1038 985
 986 985 1039
 987 986 1040
 987 1041 988
 988 1042 989
 1043 990 989
 1044 991 990
 991 1045 992
 992 1046 993
 994 993 1047
 1048 995 994
 1049 996 995
 1050 997 996
 997 1051 998
 998 1052 999
 999 1053 1000
 1000 1054 1001
 1002 1001 1055
 1002 1056 1003
 1003 1057 1004
 1004 1058 1005
 1005 1059 1006
 1006 1060 1007
 1007 1061 1008
 1062 1009 1008
 1010 1009 1063
 1010 1064 1011
 1064 1012 1011
 1064 1013 1012
 1065 1014 1013
 1015 1014 1066
 1016 1015 1067
 1068 1069 1016
 962 1017 1018
 1019 963 1018
 964 1019 1020
 1020 1021 965
 1021 1022 966
 1022 1023 967
 1024 968 1023
 969 1024 1025
 1026 970 1025
 971 1026 1027
 1028 972 1027
 1029 973 1028
 974 1029 1030
 975 1030 1031
 1032 976 1031
 1032 1033 977
 978 1033 1034
 979 1034 1035
 1036 980 1035
 1036 1037 981
 984 1037 1038
 1038 1039 985
 986 1039 1040
 987 1040 1041
 1041 1042 988
 1042 1043 989
 1044 990 1043
 1045 991 1044
 1045 1046 992
 1046 1047 993
 994 1047 1048
 1049 995 1048
 1050 996 1049
 1051 997 1050
 1051 1052 998
 1052 1053 999
 1053 1054 1000
 1054 1055 1001
 1002 1055 1056
 1056 1057 1003
 1004 1057 1058
 1005 1058 1059
 1006 1059 1060
 1007 1060 1061
 1061 1062 1008
 1063 1009 1062
 1010 1063 1064
 1065 1013 1064
 1066 1014 1065
 1015 1066 1067
 1016 1067 1068
 1070 1069 1068
 1019 1071 1020
 1020 1072 1021
 1021 1073 1022
 1022 1074 1023
 1023 1075 1024
 1025 1024 1076
 1026 1025 1077
 1027 1026 1078
 1027 1079 1028
 1028 1080 1029
 1030 1029 1081
 1031 1030 1082
 1083 1032 1031
 1084 1033 1032
 1085 1034 1033
 1086 1035 1034
 1087 1036 1035
 1088 1037 1036
 1038 1037 1088
 1038 1089 1039
 1040 1039 1090
 1041 1040 1091
 1042 1041 1092
 1043 1042 1093
 1043 1094 1044
 1044 1095 1045
 1096 1046 1045
 1097 1047 1046
 1098 1048 1047
 1048 1099 1049
 1049 1100 1050
 1051 1050 1101
 1052 1051 1102
 1053 1052 1103
 1053 1104 1054
 1054 1105 1055
 1055 1106 1056
 1056 1107 1057
 1057 1108 1058
 1058 1109 1059
 1059 1110 1060
 1111 1061 1060
 1112 1062 1061
 1062 1113 1063
 1063 1114 1064
 1114 1065 1064
 1115 1066 1065
 1066 1116 1067
 1068 1067 1117
 1070 1068 1118
 1020 1071 1072
 1021 1072 1073
 1022 1073 1074
 1023 1074 1075
 1076 1024 1075
 1077 1025 1076
 1078 1026 1077
 1027 1078 1079
 1028 1079 1080
 1081 1029 1080
 1082 1030 1081
 1082 1083 1031
 1083 1084 1032
 1084 1085 1033
 1085 1086 1034
 1086 1087 1035
 1088 1036 1087
 1038 1088 1089
 1089 1090 1039
 1040 1090 1091
 1041 1091 1092
 1042 1092 1093
 1043 1093 1094
 1094 1095 1044
 1095 1096 1045
 1097 1046 1096
 1098 1047 1097
 1099 1048 1098
 1099 1100 1049
 1100 1101 1050
 1051 1101 1102
 1052 1102 1103
 1053 1103 1104
 1104 1105 1054
 1105 1106 1055
 1106 1107 1056
 1107 1108 1057
 1058 1108 1109
 1059 1109 1110
 1110 1111 1060
 1111 1112 1061
 1062 1112 1113
 1113 1114 1063
 1115 1065 1114
 1116 1066 1115
 1116 1117 1067
 1068 1117 1118
 1070 1118 1119
 1120 1072 1071
 1072 1121 1073
 1073 1122 1074
 1123 1075 1074
 1075 1124 1076
 1076 1125 1077
 1126 1078 1077
 1127 1079 1078
 1080 1079 1128
 1129 1081 1080
 1081 1130 1082
 1131 1083 1082
 1083 1132 1084
 1133 1085 1084
 1134 1086 1085
 1087 1086 1135
 1088 1087 1089
 1089 1136 1090
 1090 1137 1091
 1092 1091 1138
 1093 1092 1139
 1093 1140 1094
 1141 1095 1094
 1095 1142 1096
 1096 1143 1097
 1098 1097 1144
 1099 1098 1145
 1146 1100 1099
 1101 1100 1147
 1101 1148 1102
 1102 1149 1103
 1103 1150 1104
 1105 1104 1151
 1106 1105 1152
 1106 1153 1107
 1107 1154 1108
 1155 1109 1108
 1156 1110 1109
 1157 1111 1110
 1158 1112 1111
 1112 1159 1113
 1115 1114 1113
 1116 1115 1160
 1117 1116 1161
 1162 1118 1117
 1118 1163 1119
 1164 1120 1071
 1072 1120 1121
 1073 1121 1122
 1122 1123 1074
 1075 1123 1124
 1076 1124 1125
 1125 1126 1077
 1126 1127 1078
 1128 1079 1127
 1128 1129 1080
 1081 1129 1130
 1130 1131 1082
 1083 1131 1132
 1132 1133 1084
 1133 1134 1085
 1135 1086 1134
 1087 1135 1089
 1136 1137 1090
 1135 1136 1089
 1137 1138 1091
 1092 1138 1139
 1093 1139 1140
 1140 1141 1094
 1142 1095 1141
 1142 1143 1096
 1143 1144 1097
 1098 1144 1145
 1099 1145 1146
 1147 1100 1146
 1101 1147 1148
 1148 1149 1102
 1149 1150 1103
 1150 1151 1104
 1105 1151 1152
 1106 1152 1153
 1153 1154 1107
 1154 1155 1108
 1155 1156 1109
 1156 1157 1110
 1157 1158 1111
 1112 1158 1159
 1159 1160 1113
 1160 1115 1113
 1116 1160 1161
 1117 1161 1162
 1163 1118 1162
 1163 1165 1119
 1164 1166 1120
 1167 1121 1120
 1168 1122 1121
 1123 1122 1169
 1123 1170 1124
 1171 1125 1124
 1126 1125 1172
 1173 1127 1126
 1127 1174 1128
 1128 1175 1129
 1176 1130 1129
 1130 1177 1131
 1178 1132 1131
 1179 1133 1132
 1134 1133 1180
 1181 1135 1134
 1136 1181 1137
 1136 1135 1181
 1137 1182 1138
 1138 1183 1139
 1139 1184 1140
 1141 1140 1185
 1141 1186 1142
 1143 1142 1187
 1188 1144 1143
 1144 1189 1145
 1145 1190 1146
 1147 1146 1191
 1148 1147 1192
 1193 1149 1148
 1194 1150 1149
 1195 1151 1150
 1151 1196 1152
 1152 1197 1153
 1153 1198 1154
 1155 1154 1199
 1156 1155 1200
 1157 1156 1201
 1202 1158 1157
 1203 1159 1158
 1160 1159 1203
 1161 1160 1203
 1162 1161 1204
 1205 1163 1162
 1163 1206 1165
 1166 1167 1120
 1167 1168 1121
 1169 1122 1168
 1123 1169 1170
 1170 1171 1124
 1172 1125 1171
 1172 1173 1126
 1127 1173 1174
 1128 1174 1175
 1175 1176 1129
 1130 1176 1177
 1177 1178 1131
 1178 1179 1132
 1180 1133 1179
 1180 1181 1134
 1181 1182 1137
 1182 1183 1138
 1183 1184 1139
 1184 1185 1140
 1141 1185 1186
 1186 1187 1142
 1143 1187 1188
 1189 1144 1188
 1189 1190 1145
 1190 1191 1146
 1147 1191 1192
 1148 1192 1193
 1194 1149 1193
 1195 1150 1194
 1196 1151 1195
 1196 1197 1152
 1197 1198 1153
 1198 1199 1154
 1155 1199 1200
 1201 1156 1200
 1201 1202 1157
 1202 1203 1158
 1161 1203 1204
 1162 1204 1205
 1206 1163 1205
 1206 1207 1165
 1208 1167 1166
 1209 1168 1167
 1169 1168 1210
 1170 1169 1211
 1212 1171 1170
 1213 1172 1171
 1172 1214 1173
 1174 1173 1215
 1175 1174 1216
 1175 1217 1176
 1177 1176 1218
 1219 1178 1177
 1220 1179 1178
 1180 1179 1221
 1181 1180 1222
 1181 1222 1182
 1182 1223 1183
 1183 1224 1184
 1225 1185 1184
 1185 1226 1186
 1227 1187 1186
 1187 1228 1188
 1188 1229 1189
 1230 1190 1189
 1191 1190 1231
 1191 1232 1192
 1233 1193 1192
 1234 1194 1193
 1235 1195 1194
 1196 1195 1236
 1237 1197 1196
 1198 1197 1238
 1198 1239 1199
 1199 1240 1200
 1201 1200 1241
 1201 1242 1202
 1243 1203 1202
 1204 1203 1243
 1205 1204 1244
 1205 1245 1206
 1207 1206 1246
 1247 1207 1248
 1208 1209 1167
 1210 1168 1209
 1211 1169 1210
 1211 1212 1170
 1212 1213 1171
 1172 1213 1214
 1215 1173 1214
 1216 1174 1215
 1175 1216 1217
 1218 1176 1217
 1218 1219 1177
 1219 1220 1178
 1221 1179 1220
 1222 1180 1221
 1182 1222 1223
 1223 1224 1183
 1224 1225 1184
 1226 1185 1225
 1226 1227 1186
 1228 1187 1227
 1228 1229 1188
 1229 1230 1189
 1231 1190 1230
 1191 1231 1232
 1232 1233 1192
 1234 1193 1233
 1235 1194 1234
 1236 1195 1235
 1196 1236 1237
 1238 1197 1237
 1198 1238 1239
 1239 1240 1199
 1240 1241 1200
 1201 1241 1242
 1242 1243 1202
 1244 1204 1243
 1205 1244 1245
 1246 1206 1245
 1248 1207 1246
 1247 1248 1249
 1210 1209 1250
 1211 1210 1251
 1211 1252 1212
 1213 1212 1253
 1254 1214 1213
 1214 1255 1215
 1215 1256 1216
 1217 1216 1257
 1258 1218 1217
 1259 1219 1218
 1260 1220 1219
 1261 1221 1220
 1223 1222 1221
 1223 1262 1224
 1224 1263 1225
 1226 1225 1264
 1227 1226 1265
 1227 1266 1228
 1267 1229 1228
 1268 1230 1229
 1230 1269 1231
 1270 1232 1231
 1271 1233 1232
 1272 1234 1233
 1273 1235 1234
 1274 1236 1235
 1237 1236 1275
 1276 1238 1237
 1238 1277 1239
 1278 1240 1239
 1240 1279 1241
 1241 1280 1242
 1242 1244 1243
 1281 1245 1244
 1245 1282 1246
 1246 1283 1248
 1284 1249 1248
 1285 1249 1286
 1287 1288 1285
 1251 1210 1250
 1211 1251 1252
 1253 1212 1252
 1253 1254 1213
 1214 1254 1255
 1215 1255 1256
 1257 1216 1256
 1257 1258 1217
 1258 1259 1218
 1259 1260 1219
 1260 1261 1220
 1223 1221 1261
 1262 1263 1224
 1223 1261 1262
 1263 1264 1225
 1226 1264 1265
 1227 1265 1266
 1266 1267 1228
 1268 1229 1267
 1269 1230 1268
 1269 1270 1231
 1271 1232 1270
 1272 1233 1271
 1273 1234 1272
 1274 1235 1273
 1275 1236 1274
 1237 1275 1276
 1277 1238 1276
 1277 1278 1239
 1279 1240 1278
 1279 1280 1241
 1280 1244 1242
 1280 1281 1244
 1245 1281 1282
 1246 1282 1283
 1283 1284 1248
 1286 1249 1284
 1286 1287 1285
 1288 1287 1289
 1251 1250 1290
 1291 1252 1251
 1252 1292 1253
 1254 1253 1293
 1255 1254 1294
 1255 1295 1256
 1256 1296 1257
 1297 1258 1257
 1298 1259 1258
 1260 1259 1299
 1300 1261 1260
 1300 1263 1262
 1261 1300 1262
 1263 1301 1264
 1264 1302 1265
 1266 1265 1303
 1267 1266 1304
 1305 1268 1267
 1268 1306 1269
 1269 1307 1270
 1308 1271 1270
 1309 1272 1271
 1272 1310 1273
 1273 1311 1274
 1312 1275 1274
 1313 1276 1275
 1276 1314 1277
 1277 1315 1278
 1278 1316 1279
 1317 1280 1279
 1281 1280 1317
 1281 1317 1282
 1318 1283 1282
 1284 1283 1319
 1286 1284 1320
 1286 1321 1287
 1322 1289 1287
 1290 1291 1251
 1252 1291 1292
 1293 1253 1292
 1294 1254 1293
 1255 1294 1295
 1256 1295 1296
 1296 1297 1257
 1297 1298 1258
 1299 1259 1298
 1299 1300 1260
 1301 1263 1300
 1301 1302 1264
 1302 1303 1265
 1266 1303 1304
 1267 1304 1305
 1306 1268 1305
 1306 1307 1269
 1307 1308 1270
 1309 1271 1308
 1310 1272 1309
 1310 1311 1273
 1311 1312 1274
 1313 1275 1312
 1314 1276 1313
 1314 1315 1277
 1315 1316 1278
 1316 1317 1279
 1317 1318 1282
 1319 1283 1318
 1320 1284 1319
 1286 1320 1321
 1321 1322 1287
 1323 1289 1322
 1292 1291 1324
 1293 1292 1325
 1294 1293 1326
 1294 1327 1295
 1328 1296 1295
 1297 1296 1329
 1330 1298 1297
 1331 1299 1298
 1300 1299 1332
 1300 1332 1301
 1301 1333 1302
 1303 1302 1334
 1303 1335 1304
 1305 1304 1336
 1306 1305 1337
 1338 1307 1306
 1307 1339 1308
 1308 1340 1309
 1309 1341 1310
 1310 1342 1311
 1311 1343 1312
 1344 1313 1312
 1313 1345 1314
 1314 1346 1315
 1347 1316 1315
 1316 1348 1317
 1348 1318 1317
 1318 1349 1319
 1319 1350 1320
 1321 1320 1351
 1322 1321 1352
 1323 1322 1353
 1325 1292 1324
 1326 1293 1325
 1294 1326 1327
 1327 1328 1295
 1329 1296 1328
 1329 1330 1297
 1330 1331 1298
 1332 1299 1331
 1301 1332 1333
 1333 1334 1302
 1303 1334 1335
 1335 1336 1304
 1305 1336 1337
 1306 1337 1338
 1339 1307 1338
 1339 1340 1308
 1340 1341 1309
 1341 1342 1310
 1342 1343 1311
 1343 1344 1312
 1345 1313 1344
 1345 1346 1314
 1346 1347 1315
 1348 1316 1347
 1318 1348 1349
 1319 1349 1350
 1351 1320 1350
 1352 1321 1351
 1353 1322 1352
 1354 1323 1353
 1325 1324 1355
 1325 1356 1326
 1326 1357 1327
 1328 1327 1358
 1328 1359 1329
 1330 1329 1360
 1361 1331 1330
 1331 1333 1332
 1361 1334 1333
 1334 1362 1335
 1363 1336 1335
 1364 1337 1336
 1338 1337 1365
 1339 1338 1366
 1367 1340 1339
 1341 1340 1368
 1341 1369 1342
 1342 1370 1343
 1344 1343 1371
 1372 1345 1344
 1345 1373 1346
 1346 1374 1347
 1348 1347 1349
 1350 1349 1374
 1375 1351 1350
 1352 1351 1376
 1377 1353 1352
 1354 1353 1378
 1325 1355 1356
 1326 1356 1357
 1358 1327 1357
 1328 1358 1359
 1360 1329 1359
 1360 1361 1330
 1331 1361 1333
 1362 1334 1361
 1362 1363 1335
 1364 1336 1363
 1365 1337 1364
 1338 1365 1366
 1339 1366 1367
 1368 1340 1367
 1341 1368 1369
 1369 1370 1342
 1370 1371 1343
 1344 1371 1372
 1373 1345 1372
 1373 1374 1346
 1374 1349 1347
 1374 1375 1350
 1376 1351 1375
 1376 1377 1352
 1378 1353 1377
 1379 1356 1355
 1357 1356 1380
 1358 1357 1381
 1359 1358 1382
 1359 1383 1360
 1360 1384 1361
 1384 1362 1361
 1385 1363 1362
 1363 1386 1364
 1364 1387 1365
 1388 1366 1365
 1367 1366 1389
 1390 1368 1367
 1391 1369 1368
 1370 1369 1392
 1371 1370 1393
 1371 1394 1372
 1372 1395 1373
 1373 1396 1374
 1396 1375 1374
 1397 1376 1375
 1398 1377 1376
 1399 1378 1377
 1380 1356 1379
 1381 1357 1380
 1382 1358 1381
 1359 1382 1383
 1360 1383 1384
 1384 1385 1362
 1386 1363 1385
 1386 1387 1364
 1387 1388 1365
 1389 1366 1388
 1367 1389 1390
 1391 1368 1390
 1392 1369 1391
 1370 1392 1393
 1371 1393 1394
 1394 1395 1372
 1395 1396 1373
 1396 1397 1375
 1397 1398 1376
 1398 1399 1377
 1399 1400 1378
 1380 1379 1401
 1402 1381 1380
 1382 1381 1403
 1383 1382 1404
 1384 1383 1385
 1385 1405 1386
 1386 1406 1387
 1388 1387 1407
 1388 1408 1389
 1409 1390 1389
 1390 1410 1391
 1391 1411 1392
 1393 1392 1412
 1394 1393 1413
 1395 1394 1414
 1397 1396 1395
 1415 1398 1397
 1416 1399 1398
 1417 1400 1399
 1401 1379 1418
 1401 1402 1380
 1403 1381 1402
 1404 1382 1403
 1405 1383 1404
 1385 1383 1405
 1405 1406 1386
 1406 1407 1387
 1388 1407 1408
 1408 1409 1389
 1410 1390 1409
 1410 1411 1391
 1411 1412 1392
 1393 1412 1413
 1394 1413 1414
 1395 1414 1397
 1414 1415 1397
 1415 1416 1398
 1416 1417 1399
 1417 1419 1400
 1420 1401 1418
 1421 1402 1401
 1403 1402 1422
 1404 1403 1423
 1404 1423 1405
 1423 1406 1405
 1424 1407 1406
 1408 1407 1425
 1409 1408 1426
 1409 1427 1410
 1410 1428 1411
 1411 1429 1412
 1430 1413 1412
 1414 1413 1431
 1414 1431 1415
 1415 1431 1416
 1417 1416 1432
 1433 1419 1417
 1434 1419 1435
 1436 1420 1418
 1420 1421 1401
 1422 1402 1421
 1423 1403 1422
 1424 1406 1423
 1425 1407 1424
 1408 1425 1426
 1409 1426 1427
 1427 1428 1410
 1428 1429 1411
 1429 1430 1412
 1431 1413 1430
 1432 1416 1431
 1432 1433 1417
 1435 1419 1433
 1437 1434 1435
 1438 1420 1436
 1439 1421 1420
 1422 1421 1440
 1423 1422 1441
 1423 1441 1424
 1442 1425 1424
 1425 1443 1426
 1426 1444 1427
 1428 1427 1445
 1429 1428 1446
 1447 1430 1429
 1448 1431 1430
 1432 1431 1448
 1433 1432 1449
 1450 1435 1433
 1451 1437 1435
 1452 1438 1436
 1438 1439 1420
 1440 1421 1439
 1422 1440 1441
 1441 1442 1424
 1443 1425 1442
 1443 1444 1426
 1444 1445 1427
 1428 1445 1446
 1429 1446 1447
 1448 1430 1447
 1449 1432 1448
 1449 1450 1433
 1450 1451 1435
 1451 1453 1437
 1454 1438 1452
 1455 1439 1438
 1440 1439 1456
 1440 1442 1441
 1457 1443 1442
 1444 1443 1458
 1459 1445 1444
 1446 1445 1460
 1447 1446 1461
 1449 1448 1447
 1462 1450 1449
 1463 1451 1450
 1451 1464 1453
 1465 1454 1452
 1454 1455 1438
 1456 1439 1455
 1440 1456 1442
 1456 1457 1442
 1458 1443 1457
 1444 1458 1459
 1460 1445 1459
 1446 1460 1461
 1447 1461 1449
 1461 1462 1449
 1462 1463 1450
 1463 1464 1451
 1464 1466 1453
 1465 1467 1454
 1454 1468 1455
 1456 1455 1469
 1457 1456 1469
 1457 1469 1458
 1470 1459 1458
 1460 1459 1471
 1461 1460 1472
 1461 1472 1462
 1472 1463 1462
 1464 1463 1473
 1464 1474 1466
 1454 1467 1468
 1469 1455 1468
 1469 1470 1458
 1471 1459 1470
 1460 1471 1472
 1473 1463 1472
 1464 1473 1474
 1474 1475 1466
 1467 1476 1468
 1477 1469 1468
 1470 1469 1477
 1471 1470 1478
 1471 1479 1472
 1479 1473 1472
 1473 1480 1474
 1474 1481 1475
 1481 1482 1475
 1476 1467 1483
 1476 1477 1468
 1478 1470 1477
 1471 1478 1479
 1479 1480 1473
 1480 1481 1474
 1484 1482 1481
 1484 1476 1483
 1476 1478 1477
 1478 1480 1479
 1484 1481 1480
 1484 1485 1476
 1478 1476 1485
 1478 1485 1480
 1484 1480 1485
 66
 1483 1484 1467 1482 1475 1465 1466 1452 1453 1436 1437 1418 1434 1419 1379 1400 1355 1378 1324 1354 1291 1290 1323 1250 1289 1209 1288 1208 1285 1249 1166 1247 1207 1164 1165 1071 1119 1019 1018 1070 1017 1016 1069 961 960 901 900 839 838 770 769 699 697 698 623 622 544 465 463 464 379 291 290 199 198 1
 0
