1567 2964
0.000000 0.000000 0
0.087327 0.087323 1
0.000000 0.200000 0
0.164068 0.294556 1
0.000000 0.400000 0
0.175415 0.489017 1
0.000000 0.600000 0
0.175187 0.691607 1
0.000000 0.800000 0
0.175773 0.893440 1
0.000000 1.000000 0
0.175430 1.095728 1
0.000000 1.200000 0
0.174509 1.297629 1
0.000000 1.400000 0
0.173791 1.498816 1
0.000000 1.600000 0
0.173419 1.699468 1
0.000000 1.800000 0
0.173268 1.899793 1
0.000000 2.000000 0
0.173220 2.099933 1
0.000000 2.200000 0
0.173207 2.299983 1
0.000000 2.400000 0
0.173205 2.499997 1
0.000000 2.600000 0
0.173205 2.700000 1
0.000000 2.800000 0
0.173205 2.900000 1
0.000000 3.000000 0
10.000000 7.200000 0
9.826795 7.100000 2
10.000000 7.000000 0
9.826795 6.900000 1
10.000000 6.800000 0
9.826795 6.700000 1
10.000000 6.600000 0
9.826795 6.500000 1
10.000000 6.400000 0
9.826795 6.300000 1
10.000000 6.200000 0
9.826795 6.100000 1
10.000000 6.000000 0
9.826795 5.900000 1
10.000000 5.800000 0
9.826795 5.700000 1
10.000000 5.600000 0
9.826795 5.500000 1
10.000000 5.400000 0
9.826795 5.300000 1
10.000000 5.200000 0
9.826795 5.100000 1
10.000000 5.000000 0
9.826795 4.900000 1
10.000000 4.800000 0
9.826795 4.700000 1
10.000000 4.600000 0
9.826795 4.500000 1
10.000000 4.400000 0
9.826795 4.300000 1
10.000000 4.200000 0
9.826795 4.100000 1
10.000000 4.000000 0
9.826795 3.900000 1
10.000000 3.800000 0
9.826795 3.700000 1
10.000000 3.600000 0
9.826795 3.500000 1
10.000000 3.400000 0
9.826795 3.300000 1
10.000000 3.200000 0
9.826795 3.100000 1
10.000000 3.000000 0
9.826795 2.900000 1
10.000000 2.800000 0
9.826795 2.700000 1
10.000000 2.600000 0
9.826796 2.500000 1
10.000000 2.400000 0
9.826795 2.300001 1
10.000000 2.200000 0
9.826790 2.100004 1
10.000000 2.000000 0
9.826769 1.899997 1
10.000000 1.800000 0
9.826718 1.699942 1
10.000000 1.600000 0
9.826645 1.499748 1
10.000000 1.400000 0
9.826605 1.299307 1
10.000000 1.200000 0
9.826694 1.098594 1
10.000000 1.000000 0
9.826888 0.897739 1
10.000000 0.800000 0
9.826661 0.696703 1
10.000000 0.600000 0
9.824934 0.493506 1
10.000000 0.400000 0
9.835630 0.297254 1
10.000000 0.200000 0
9.912641 0.087587 1
10.000000 0.000000 0
9.800000 0.000000 0
9.600000 0.000000 0
9.704722 0.166774 1
9.400000 0.000000 0
9.508581 0.180216 1
9.200000 0.000000 0
9.303722 0.180030 1
9.000000 0.000000 0
9.101120 0.177994 1
8.800000 0.000000 0
8.900103 0.175431 1
8.600000 0.000000 0
8.699998 0.174015 1
8.400000 0.000000 0
8.500047 0.173424 1
8.200000 0.000000 0
8.300056 0.173237 1
8.000000 0.000000 0
8.100037 0.173200 1
7.800000 0.000000 0
7.900016 0.173201 1
7.600000 0.000000 0
7.700005 0.173204 1
7.400000 0.000000 0
7.500001 0.173205 1
7.200000 0.000000 0
7.300000 0.173205 1
7.000000 0.000000 0
7.100000 0.173205 1
6.800000 0.000000 0
6.900000 0.173205 1
6.600000 0.000000 0
6.700000 0.173205 1
6.400000 0.000000 0
6.500000 0.173205 1
6.200000 0.000000 0
6.300000 0.173205 1
6.000000 0.000000 0
6.100000 0.173205 1
5.800000 0.000000 0
5.900000 0.173205 1
5.600000 0.000000 0
5.700000 0.173205 1
5.400000 0.000000 0
5.500000 0.173205 1
5.200000 0.000000 0
5.300000 0.173205 1
5.000000 0.000000 0
5.100000 0.173205 1
4.800000 0.000000 0
4.900000 0.173205 1
4.600000 0.000000 0
4.700000 0.173205 1
4.400000 0.000000 0
4.500000 0.173205 1
4.200000 0.000000 0
4.300000 0.173205 1
4.000000 0.000000 0
4.100000 0.173205 1
3.800000 0.000000 0
3.900000 0.173205 1
3.600000 0.000000 0
3.700000 0.173205 1
3.400000 0.000000 0
3.500000 0.173205 1
3.200000 0.000000 0
3.300000 0.173205 1
3.000000 0.000000 0
3.100000 0.173205 1
2.800000 0.000000 0
2.900000 0.173205 1
2.600000 0.000000 0
2.700000 0.173205 1
2.400000 0.000000 0
2.499997 0.173206 1
2.200000 0.000000 0
2.299983 0.173208 1
2.000000 0.000000 0
2.099934 0.173219 1
1.800000 0.000000 0
1.899802 0.173259 1
1.600000 0.000000 0
1.699498 0.173389 1
1.400000 0.000000 0
1.498881 0.173726 1
1.200000 0.000000 0
1.297737 0.174401 1
1.000000 0.000000 0
1.095870 0.175288 1
0.800000 0.000000 0
0.893593 0.175620 1
0.600000 0.000000 0
0.691741 0.175052 1
0.400000 0.000000 0
0.489115 0.175317 1
0.200000 0.000000 0
0.294610 0.164014 1
0.149248 0.149227 1
0.173205 3.100000 2
9.850587 0.150333 1
0.364719 0.364563 1
0.348253 0.582570 1
0.351911 0.783551 1
0.352893 0.988529 1
0.350517 1.193471 1
0.348400 1.396510 1
0.347229 1.598247 1
0.346699 1.799212 1
0.346493 1.999698 1
0.346428 2.199904 1
0.346412 2.399976 1
0.346410 2.599996 1
0.346410 2.799999 1
0.346410 3.000000 1
9.653590 7.000000 2
9.653590 6.800000 1
9.653590 6.600000 1
9.653590 6.400000 1
9.653590 6.200000 1
9.653590 6.000000 1
9.653590 5.800000 1
9.653590 5.600000 1
9.653590 5.400000 1
9.653590 5.200000 1
9.653590 5.000000 1
9.653590 4.800000 1
9.653590 4.600000 1
9.653590 4.400000 1
9.653590 4.200000 1
9.653590 4.000000 1
9.653590 3.800000 1
9.653590 3.600000 1
9.653590 3.400000 1
9.653590 3.200000 1
9.653590 3.000000 1
9.653590 2.800000 1
9.653590 2.600000 1
9.653592 2.400002 1
9.653589 2.200010 1
9.653562 2.000027 1
9.653461 1.800009 1
9.653239 1.599814 1
9.652949 1.399181 1
9.652830 1.197874 1
9.653275 0.996054 1
9.654196 0.794502 1
9.653635 0.594034 1
9.633580 0.372823 1
9.409357 0.361810 1
9.202974 0.360545 1
8.999496 0.352481 1
8.799597 0.348583 1
8.599996 0.346968 1
8.400155 0.346451 1
8.200141 0.346361 1
8.000079 0.346379 1
7.800033 0.346402 1
7.600011 0.346410 1
7.400003 0.346411 1
7.200001 0.346411 1
7.000000 0.346410 1
6.800000 0.346410 1
6.600000 0.346410 1
6.400000 0.346410 1
6.200000 0.346410 1
6.000000 0.346410 1
5.800000 0.346410 1
5.600000 0.346410 1
5.400000 0.346410 1
5.200000 0.346410 1
5.000000 0.346410 1
4.800000 0.346410 1
4.600000 0.346410 1
4.400000 0.346410 1
4.200000 0.346410 1
4.000000 0.346410 1
3.800000 0.346410 1
3.600000 0.346410 1
3.400000 0.346410 1
3.200000 0.346410 1
3.000000 0.346410 1
2.799999 0.346411 1
2.599994 0.346412 1
2.399972 0.346417 1
2.199898 0.346434 1
1.999698 0.346494 1
1.799239 0.346673 1
1.598330 0.347146 1
1.396678 0.348232 1
1.193725 0.350263 1
0.988833 0.352589 1
0.783846 0.351615 1
0.582808 0.348015 1
0.346410 3.200000 2
0.497809 0.497512 1
0.524303 0.667888 1
0.535935 0.875688 1
0.529597 1.087411 1
0.524426 1.292970 1
0.521805 1.495965 1
0.520541 1.697896 1
0.519944 1.899053 1
0.519704 2.099636 1
0.519631 2.299881 1
0.519616 2.499967 1
0.519615 2.699993 1
0.519615 2.899999 1
0.519615 3.100000 1
9.480385 6.900000 1
9.480385 6.700000 1
9.480385 6.500000 1
9.480385 6.300000 1
9.480385 6.100000 1
9.480385 5.900000 1
9.480385 5.700000 1
9.480385 5.500000 1
9.480385 5.300000 1
9.480385 5.100000 1
9.480385 4.900000 1
9.480385 4.700000 1
9.480385 4.500000 1
9.480385 4.300000 1
9.480385 4.100000 1
9.480385 3.900000 1
9.480385 3.700000 1
9.480385 3.500000 1
9.480385 3.300000 1
9.480385 3.100000 1
9.480385 2.900000 1
9.480386 2.699999 1
9.480391 2.499998 1
9.480398 2.300007 1
9.480389 2.100050 1
9.480285 1.900133 1
9.479924 1.700137 1
9.479170 1.499668 1
9.478285 1.298133 1
9.477967 1.095104 1
9.479834 0.891516 1
9.483906 0.690157 1
9.497973 0.516076 1
9.308722 0.561459 1
9.094481 0.530112 1
8.897707 0.522956 1
8.699534 0.520181 1
8.500291 0.519385 1
8.300405 0.519342 1
8.100284 0.519471 1
7.900150 0.519573 1
7.700065 0.519616 1
7.500023 0.519623 1
7.300007 0.519620 1
7.100001 0.519617 1
6.900000 0.519615 1
6.700000 0.519615 1
6.500000 0.519615 1
6.300000 0.519615 1
6.100000 0.519615 1
5.900000 0.519615 1
5.700000 0.519615 1
5.500000 0.519615 1
5.300000 0.519615 1
5.100000 0.519615 1
4.900000 0.519615 1
4.700000 0.519615 1
4.500000 0.519615 1
4.300000 0.519615 1
4.100000 0.519615 1
3.900000 0.519615 1
3.700000 0.519615 1
3.500000 0.519615 1
3.300000 0.519615 1
3.100000 0.519615 1
2.899998 0.519616 1
2.699988 0.519620 1
2.499955 0.519628 1
2.299857 0.519655 1
2.099603 0.519737 1
1.899034 0.519963 1
1.697936 0.520501 1
1.496118 0.521652 1
1.293265 0.524131 1
1.087824 0.529184 1
0.876140 0.535483 1
0.668282 0.523908 1
0.519615 3.300000 2
9.480384 7.100001 2
0.743781 0.743251 1
0.714766 0.982336 1
0.701785 1.189739 1
0.697349 1.392592 1
0.695211 1.595436 1
0.693850 1.797657 1
0.693159 1.998944 1
0.692903 2.199569 1
0.692837 2.399840 1
0.692825 2.599946 1
0.692823 2.799984 1
0.692821 2.999996 1
0.692821 3.199999 2
9.307177 7.000003 1
9.307179 6.800000 1
9.307179 6.600000 1
9.307179 6.400000 1
9.307179 6.200000 1
9.307179 6.000000 1
9.307179 5.800000 1
9.307179 5.600000 1
9.307179 5.400000 1
9.307179 5.200000 1
9.307179 5.000000 1
9.307179 4.800000 1
9.307179 4.600000 1
9.307179 4.400000 1
9.307179 4.200000 1
9.307179 4.000000 1
9.307179 3.800000 1
9.307179 3.600000 1
9.307179 3.400000 1
9.307179 3.200000 1
9.307179 2.999999 1
9.307180 2.799995 1
9.307187 2.599985 1
9.307206 2.399977 1
9.307241 2.200013 1
9.307230 2.000178 1
9.306939 1.800509 1
9.305885 1.600714 1
9.303614 1.399746 1
9.301503 1.196497 1
9.300078 0.989496 1
9.307668 0.782809 1
9.162893 0.688829 1
8.993343 0.694862 1
8.798278 0.691929 1
8.600464 0.691424 1
8.400994 0.691834 1
8.200827 0.692332 1
8.000520 0.692669 1
7.800275 0.692829 1
7.600124 0.692866 1
7.400046 0.692852 1
7.200013 0.692833 1
7.000003 0.692824 1
6.800000 0.692821 1
6.600000 0.692820 1
6.400000 0.692820 1
6.200000 0.692820 1
6.000000 0.692820 1
5.800000 0.692820 1
5.600000 0.692820 1
5.400000 0.692820 1
5.200000 0.692820 1
5.000000 0.692820 1
4.800000 0.692820 1
4.600000 0.692820 1
4.400000 0.692820 1
4.200000 0.692820 1
4.000000 0.692820 1
3.800000 0.692820 1
3.600000 0.692820 1
3.400000 0.692820 1
3.199999 0.692821 1
2.999994 0.692823 1
2.799976 0.692830 1
2.599922 0.692849 1
2.399786 0.692890 1
2.199478 0.692994 1
1.998829 0.693274 1
1.797570 0.693937 1
1.595460 0.695187 1
1.392801 0.697140 1
1.190151 0.701374 1
0.982873 0.714229 1
9.307167 7.200013 2
0.904692 0.904113 1
0.875262 1.093654 1
0.872672 1.288373 1
0.871424 1.491271 1
0.868759 1.695209 1
0.867031 1.897566 1
0.866326 2.098787 1
0.866119 2.299415 1
0.866070 2.499735 1
0.866050 2.699891 1
0.866037 2.899961 1
0.866029 3.099989 1
9.133947 7.100021 1
9.133968 6.900004 1
9.133974 6.700001 1
9.133975 6.500000 1
9.133975 6.300000 1
9.133975 6.100000 1
9.133975 5.900000 1
9.133975 5.700000 1
9.133975 5.500000 1
9.133975 5.300000 1
9.133975 5.100000 1
9.133975 4.900000 1
9.133975 4.700000 1
9.133975 4.500000 1
9.133975 4.300000 1
9.133975 4.100000 1
9.133975 3.900000 1
9.133975 3.700000 1
9.133975 3.500000 1
9.133975 3.300000 1
9.133974 3.099998 1
9.133974 2.899988 1
9.133978 2.699961 1
9.134001 2.499909 1
9.134073 2.299867 1
9.134215 2.099976 1
9.134283 1.900495 1
9.133684 1.701602 1
9.131061 1.502725 1
9.124093 1.300443 1
9.122599 1.095314 1
9.108246 0.874847 1
8.896146 0.860498 1
8.700866 0.861507 1
8.502232 0.863358 1
8.302035 0.864744 1
8.101452 0.865608 1
7.900900 0.866078 1
7.700478 0.866220 1
7.500211 0.866181 1
7.300076 0.866104 1
7.100021 0.866053 1
6.900004 0.866032 1
6.700001 0.866026 1
6.500000 0.866025 1
6.300000 0.866025 1
6.100000 0.866025 1
5.900000 0.866025 1
5.700000 0.866025 1
5.500000 0.866025 1
5.300000 0.866025 1
5.100000 0.866025 1
4.900000 0.866025 1
4.700000 0.866025 1
4.500000 0.866025 1
4.300000 0.866025 1
4.100000 0.866025 1
3.900000 0.866025 1
3.700000 0.866025 1
3.500000 0.866025 1
3.299998 0.866026 1
3.099987 0.866030 1
2.899952 0.866046 1
2.699857 0.866084 1
2.499648 0.866157 1
2.299244 0.866290 1
2.098526 0.866586 1
1.897262 0.867335 1
1.694964 0.869005 1
1.491213 0.871483 1
1.288591 0.872455 1
1.094124 0.874793 1
0.866026 3.299998 2
9.133895 7.300073 2
1.018832 1.018379 1
1.041813 1.179793 1
1.051907 1.382795 1
1.045834 1.591803 1
1.041593 1.795566 1
1.040010 1.997238 1
1.039571 2.198299 1
1.039447 2.399035 1
1.039374 2.599509 1
1.039306 2.799782 1
1.039260 2.999919 1
1.039239 3.199976 2
8.960624 7.200102 2
8.960724 7.000029 1
8.960760 6.800006 1
8.960768 6.600001 1
8.960770 6.400000 1
8.960770 6.200000 1
8.960770 6.000000 1
8.960770 5.800000 1
8.960770 5.600000 1
8.960770 5.400000 1
8.960770 5.200000 1
8.960770 5.000000 1
8.960770 4.800000 1
8.960770 4.600000 1
8.960770 4.400000 1
8.960770 4.200000 1
8.960770 4.000000 1
8.960770 3.800000 1
8.960770 3.600000 1
8.960770 3.400000 1
8.960769 3.199996 1
8.960766 2.999979 1
8.960763 2.799926 1
8.960771 2.599804 1
8.960836 2.399608 1
8.961060 2.199445 1
8.961563 1.999703 1
8.962123 1.801100 1
8.961451 1.604329 1
8.956517 1.409660 1
8.927285 1.198459 1
8.971709 1.011493 1
8.802156 1.027864 1
8.604830 1.033423 1
8.404392 1.036631 1
8.203375 1.038248 1
8.002403 1.039413 1
7.801457 1.039881 1
7.600734 1.039816 1
7.400304 1.039573 1
7.200104 1.039376 1
7.000029 1.039276 1
6.800006 1.039240 1
6.600001 1.039232 1
6.400000 1.039231 1
6.200000 1.039230 1
6.000000 1.039230 1
5.800000 1.039230 1
5.600000 1.039230 1
5.400000 1.039230 1
5.200000 1.039230 1
5.000000 1.039230 1
4.800000 1.039230 1
4.600000 1.039230 1
4.400000 1.039230 1
4.200000 1.039230 1
4.000000 1.039230 1
3.800000 1.039230 1
3.599999 1.039230 1
3.399995 1.039232 1
3.199976 1.039239 1
2.999912 1.039267 1
2.799748 1.039341 1
2.599402 1.039480 1
2.398795 1.039687 1
2.197882 1.039987 1
1.996660 1.040587 1
1.794932 1.042226 1
1.591289 1.046349 1
1.382576 1.052126 1
1.179966 1.041640 1
1.255007 1.255433 1
1.227789 1.490121 1
1.216409 1.694494 1
1.213714 1.894848 1
1.213291 2.095873 1
1.213169 2.297191 1
1.213006 2.498325 1
1.212784 2.699132 1
1.212597 2.899615 1
1.212491 3.099857 2
8.787356 7.100121 1
8.787506 6.900036 1
8.787553 6.700009 1
8.787562 6.500002 1
8.787564 6.300000 1
8.787564 6.100000 1
8.787564 5.900000 1
8.787564 5.700000 1
8.787564 5.500000 1
8.787564 5.300000 1
8.787564 5.100000 1
8.787564 4.900000 1
8.787564 4.700000 1
8.787564 4.500000 1
8.787564 4.300000 1
8.787564 4.100000 1
8.787564 3.900000 1
8.787564 3.700000 1
8.787563 3.499999 1
8.787560 3.299994 1
8.787551 3.099968 1
8.787533 2.899883 1
8.787511 2.699674 1
8.787519 2.499275 1
8.787670 2.298691 1
8.788253 2.098170 1
8.789836 1.898629 1
8.792221 1.701819 1
8.792980 1.509298 1
8.801353 1.342790 1
8.710614 1.201247 1
8.508730 1.209343 1
8.306453 1.210192 1
8.105444 1.212754 1
7.903730 1.214213 1
7.702051 1.214218 1
7.500936 1.213598 1
7.300362 1.212997 1
7.100121 1.212644 1
6.900037 1.212494 1
6.700010 1.212448 1
6.500002 1.212437 1
6.300000 1.212436 1
6.100000 1.212436 1
5.900000 1.212436 1
5.700000 1.212436 1
5.500000 1.212436 1
5.300000 1.212436 1
5.100000 1.212436 1
4.900000 1.212436 1
4.700000 1.212436 1
4.500000 1.212436 1
4.300000 1.212436 1
4.100000 1.212436 1
3.900000 1.212436 1
3.699999 1.212436 1
3.499992 1.212437 1
3.299960 1.212447 1
3.099859 1.212489 1
2.899597 1.212616 1
2.699040 1.212877 1
2.498069 1.213261 1
2.296674 1.213685 1
2.095055 1.214109 1
1.893812 1.214750 1
1.693428 1.217475 1
1.489260 1.228650 1
8.787004 7.300355 2
1.413810 1.415033 1
1.386281 1.600956 1
1.385638 1.791814 1
1.387263 1.991152 1
1.387521 2.193173 1
1.387376 2.395406 1
1.386863 2.597319 1
1.386290 2.798646 1
1.385907 2.999408 1
8.613657 7.200366 2
8.614130 7.000137 1
8.614302 6.800049 1
8.614348 6.600015 1
8.614358 6.400003 1
8.614359 6.200000 1
8.614359 6.000000 1
8.614359 5.800000 1
8.614359 5.600000 1
8.614359 5.400000 1
8.614359 5.200000 1
8.614359 5.000000 1
8.614359 4.800000 1
8.614359 4.600000 1
8.614359 4.400000 1
8.614359 4.200000 1
8.614359 4.000000 1
8.614359 3.800000 1
8.614358 3.600000 1
8.614349 3.399994 1
8.614326 3.199962 1
8.614273 2.999846 1
8.614191 2.799542 1
8.614109 2.598920 1
8.614108 2.397896 1
8.614361 2.196484 1
8.615487 1.994905 1
8.620175 1.795360 1
8.627611 1.601984 1
8.619170 1.395246 1
8.408265 1.378965 1
8.210850 1.385088 1
8.008467 1.389786 1
7.804851 1.390228 1
7.602309 1.388886 1
7.400953 1.387343 1
7.200369 1.386347 1
7.000139 1.385873 1
6.800050 1.385701 1
6.600016 1.385652 1
6.400004 1.385642 1
6.200001 1.385641 1
6.000000 1.385641 1
5.800000 1.385641 1
5.600000 1.385641 1
5.400000 1.385641 1
5.200000 1.385641 1
5.000000 1.385641 1
4.800000 1.385641 1
4.600000 1.385641 1
4.400000 1.385641 1
4.200000 1.385641 1
4.000000 1.385641 1
3.799998 1.385641 1
3.599986 1.385643 1
3.399940 1.385655 1
3.199795 1.385710 1
2.999422 1.385893 1
2.798613 1.386324 1
2.597134 1.387048 1
2.394919 1.387862 1
2.192274 1.388420 1
1.989850 1.388565 1
1.790279 1.387172 1
1.599464 1.387774 1
1.385725 3.199780 2
1.526350 1.528089 1
1.549493 1.685172 1
1.562431 1.881507 1
1.562629 2.085799 1
1.563078 2.289425 1
1.562317 2.493238 1
1.560908 2.696254 1
1.559807 2.898145 1
1.559211 3.099183 1
8.440486 7.100379 2
8.440960 6.900178 1
8.441110 6.700073 1
8.441147 6.500024 1
8.441154 6.300005 1
8.441154 6.100001 1
8.441154 5.900000 1
8.441154 5.700000 1
8.441154 5.500000 1
8.441154 5.300000 1
8.441154 5.100000 1
8.441154 4.900000 1
8.441154 4.700000 1
8.441154 4.500000 1
8.441154 4.300000 1
8.441154 4.100000 1
8.441154 3.900000 1
8.441152 3.700001 1
8.441137 3.499998 1
8.441090 3.299971 1
8.440974 3.099846 1
8.440769 2.899465 1
8.440510 2.698614 1
8.440325 2.497134 1
8.440343 2.295050 1
8.440477 2.092296 1
8.440657 1.886963 1
8.456622 1.686969 1
8.486101 1.522864 1
8.320724 1.550891 1
8.118619 1.568232 1
7.910056 1.569237 1
7.704708 1.566725 1
7.501908 1.563083 1
7.300817 1.560709 1
7.100385 1.559523 1
6.900183 1.559046 1
6.700077 1.558892 1
6.500026 1.558854 1
6.300006 1.558847 1
6.100001 1.558846 1
5.900000 1.558846 1
5.700000 1.558846 1
5.500000 1.558846 1
5.300000 1.558846 1
5.100000 1.558846 1
4.900000 1.558846 1
4.700000 1.558846 1
4.500000 1.558846 1
4.300000 1.558846 1
4.099999 1.558846 1
3.899996 1.558846 1
3.699978 1.558849 1
3.499912 1.558864 1
3.299718 1.558932 1
3.099237 1.559158 1
2.898202 1.559751 1
2.696223 1.560940 1
2.492949 1.562607 1
2.288685 1.563819 1
2.084512 1.563916 1
1.879792 1.564146 1
1.683303 1.551363 1
1.558960 3.299690 2
1.753661 1.755524 1
1.736856 1.976105 1
1.740183 2.178912 1
1.740562 2.385413 1
1.737502 2.591534 1
1.734812 2.795401 1
1.733257 2.997668 1
1.732511 3.198942 1
8.267476 7.000492 1
8.267821 6.800259 1
8.267919 6.600107 1
8.267941 6.400033 1
8.267947 6.200007 1
8.267949 6.000001 1
8.267949 5.800000 1
8.267949 5.600000 1
8.267949 5.400000 1
8.267949 5.200000 1
8.267949 5.000000 1
8.267949 4.800000 1
8.267949 4.600000 1
8.267949 4.400000 1
8.267949 4.200000 1
8.267949 4.000000 1
8.267944 3.800003 1
8.267925 3.600008 1
8.267854 3.400002 1
8.267656 3.199914 1
8.267243 2.999542 1
8.266620 2.798540 1
8.266002 2.596555 1
8.265861 2.393630 1
8.266347 2.190456 1
8.265920 1.987779 1
8.246576 1.763064 1
8.017666 1.751873 1
7.808210 1.750072 1
7.602533 1.740929 1
7.401227 1.735968 1
7.200796 1.733546 1
7.000508 1.732529 1
6.800273 1.732174 1
6.600117 1.732074 1
6.400039 1.732053 1
6.200009 1.732050 1
6.000001 1.732051 1
5.800000 1.732051 1
5.600000 1.732051 1
5.400000 1.732051 1
5.200000 1.732051 1
5.000000 1.732051 1
4.800000 1.732051 1
4.600000 1.732051 1
4.400000 1.732051 1
4.199999 1.732051 1
3.999993 1.732051 1
3.799968 1.732056 1
3.599878 1.732077 1
3.399626 1.732161 1
3.199031 1.732421 1
2.997818 1.733107 1
2.795563 1.734651 1
2.591559 1.737477 1
2.385063 1.740912 1
2.177982 1.741112 1
1.974583 1.738378 1
1.732201 3.399587 2
8.266472 7.200780 2
1.888216 1.889735 1
1.914438 2.061578 1
1.925266 2.270957 1
1.917839 2.484147 1
1.911728 2.690839 1
1.908412 2.894665 1
1.906691 3.097172 1
1.905827 3.298693 1
8.093918 7.101106 2
8.094476 6.900727 1
8.094647 6.700355 1
8.094705 6.500129 1
8.094728 6.300033 1
8.094739 6.100005 1
8.094743 5.900000 1
8.094744 5.700000 1
8.094744 5.500000 1
8.094744 5.300000 1
8.094744 5.100000 1
8.094744 4.900000 1
8.094744 4.700000 1
8.094744 4.500000 1
8.094744 4.300000 1
8.094743 4.100001 1
8.094737 3.900007 1
8.094712 3.700023 1
8.094624 3.500053 1
8.094363 3.300058 1
8.093734 3.099853 1
8.092539 2.898961 1
8.090991 2.696705 1
8.089789 2.492572 1
8.090695 2.287455 1
8.094004 2.084160 1
8.107946 1.908099 1
7.916114 1.953064 1
7.699193 1.920100 1
7.500632 1.911615 1
7.301202 1.907701 1
7.101138 1.906056 1
6.900765 1.905461 1
6.700394 1.905282 1
6.500159 1.905246 1
6.300050 1.905247 1
6.100012 1.905253 1
5.900002 1.905255 1
5.700000 1.905256 1
5.500000 1.905256 1
5.300000 1.905256 1
5.100000 1.905256 1
4.900000 1.905256 1
4.700000 1.905256 1
4.500000 1.905256 1
4.299998 1.905256 1
4.099990 1.905257 1
3.899955 1.905264 1
3.699840 1.905293 1
3.499527 1.905400 1
3.298807 1.905713 1
3.097392 1.906471 1
2.894997 1.908081 1
2.691190 1.911376 1
2.484311 1.917675 1
2.270653 1.925570 1
2.060597 1.915418 1
1.905448 3.499480 2
2.135760 2.135899 1
2.104960 2.377002 1
2.090590 2.585908 1
2.085064 2.789966 1
2.082110 2.993779 1
2.080192 3.196719 1
2.079153 3.398481 1
7.921124 7.001723 2
7.921262 6.800952 2
7.921363 6.600379 1
7.921448 6.400101 1
7.921503 6.200012 1
7.921527 5.999997 1
7.921536 5.799999 1
7.921538 5.600000 1
7.921539 5.400000 1
7.921539 5.200000 1
7.921539 5.000000 1
7.921539 4.800000 1
7.921539 4.600000 1
7.921538 4.400001 1
7.921536 4.200004 1
7.921528 4.000015 1
7.921495 3.800050 1
7.921392 3.600125 1
7.921106 3.400250 1
7.920386 3.200344 1
7.918751 3.000018 1
7.915699 2.798171 1
7.912557 2.593689 1
7.909859 2.385089 1
7.916215 2.176583 1
7.769251 2.080619 1
7.598040 2.085400 1
7.401307 2.080982 1
7.202183 2.079188 1
7.001782 2.078593 1
6.801054 2.078408 1
6.600491 2.078376 1
6.400184 2.078403 1
6.200055 2.078435 1
6.000012 2.078453 1
5.800001 2.078460 1
5.600000 2.078461 1
5.400000 2.078461 1
5.200000 2.078461 1
5.000000 2.078461 1
4.800000 2.078461 1
4.600000 2.078461 1
4.399998 2.078462 1
4.199987 2.078465 1
3.999942 2.078475 1
3.799801 2.078515 1
3.599434 2.078646 1
3.398609 2.079026 1
3.196977 2.079934 1
2.994213 2.081675 1
2.790560 2.084471 1
2.586526 2.089971 1
2.377388 2.104573 1
2.078700 3.599380 2
2.297137 2.296457 1
2.266043 2.487662 1
2.262109 2.683799 1
2.259681 2.888058 1
2.256066 3.093198 1
2.253646 3.296485 1
2.252471 3.498326 1
7.747691 6.700889 2
7.747958 6.500210 1
7.748168 6.299989 1
7.748273 6.099967 1
7.748313 5.899987 1
7.748327 5.699998 1
7.748332 5.500000 1
7.748333 5.300000 1
7.748334 5.100000 1
7.748334 4.900000 1
7.748333 4.700000 1
7.748332 4.500000 1
7.748328 4.300004 1
7.748316 4.100025 1
7.748277 3.900088 1
7.748154 3.700228 1
7.747837 3.500477 1
7.747137 3.300857 1
7.745611 3.101319 1
7.742054 2.901270 1
7.734031 2.697400 1
7.731332 2.490512 1
7.715331 2.267915 1
7.500977 2.251624 1
7.303854 2.250980 1
7.103647 2.251275 1
6.902344 2.251352 1
6.701195 2.251339 1
6.500512 2.251427 1
6.300180 2.251543 1
6.100049 2.251621 1
5.900009 2.251655 1
5.700000 2.251665 1
5.500000 2.251666 1
5.300000 2.251666 1
5.100000 2.251666 1
4.900000 2.251666 1
4.700000 2.251666 1
4.499998 2.251667 1
4.299985 2.251673 1
4.099934 2.251692 1
3.899770 2.251751 1
3.699354 2.251912 1
3.498463 2.252333 1
3.296756 2.253375 1
3.093670 2.255594 1
2.888762 2.258976 1
2.684678 2.261230 1
2.488550 2.265155 1
2.251976 3.699291 2
2.411478 2.410436 1
2.433464 2.572872 1
2.442241 2.777406 1
2.434824 2.988160 1
2.429480 3.193494 1
2.426994 3.396388 1
2.425862 3.598193 1
2.425308 3.799222 1
2.251779 3.899743 2
2.425049 3.999711 1
2.251704 4.099922 2
7.573880 6.600250 2
7.574561 6.399793 1
7.574910 6.199821 1
7.575043 5.999928 1
7.575090 5.799988 1
7.575112 5.600004 1
7.575123 5.400003 1
7.575128 5.200001 1
7.575129 5.000000 1
7.575128 4.799998 1
7.575124 4.599996 1
7.575115 4.399996 1
7.575098 4.200018 1
7.575058 4.000112 1
7.574933 3.800347 1
7.574574 3.600779 1
7.573779 3.401391 1
7.572503 3.202252 1
7.570318 3.003832 1
7.564512 2.806926 1
7.534124 2.593119 1
7.578265 2.404672 1
7.406755 2.419639 1
7.207006 2.423249 1
7.004527 2.424298 1
6.802338 2.424028 1
6.601114 2.424141 1
6.400464 2.424439 1
6.200158 2.424684 1
6.000041 2.424814 1
5.800009 2.424862 1
5.600003 2.424872 1
5.400002 2.424872 1
5.200001 2.424871 1
5.000000 2.424871 1
4.799999 2.424871 1
4.599996 2.424873 1
4.399982 2.424882 1
4.199931 2.424911 1
3.999761 2.424999 1
3.799312 2.425218 1
3.598354 2.425700 1
3.396673 2.426709 1
3.193966 2.429008 1
2.988868 2.434115 1
2.778346 2.441301 1
2.573951 2.432385 1
2.424937 4.199905 2
2.648262 2.647236 1
2.619244 2.884385 1
2.606478 3.091104 1
2.602436 3.293624 1
2.600625 3.496181 1
2.599405 3.698123 1
2.598689 3.899182 1
2.598339 4.099661 2
7.400393 6.499015 2
7.401360 6.299318 1
7.401683 6.099736 1
7.401784 5.899960 1
7.401840 5.700023 1
7.401884 5.500021 1
7.401910 5.300008 1
7.401920 5.100001 1
7.401920 4.899995 1
7.401912 4.699984 1
7.401892 4.499966 1
7.401860 4.299963 1
7.401821 4.100049 1
7.401742 3.900363 1
7.401453 3.701064 1
7.400558 3.502144 1
7.398678 3.303178 1
7.397244 3.104354 1
7.396869 2.907930 1
7.405969 2.738339 1
7.313740 2.593949 1
7.108208 2.599282 1
6.903466 2.596437 1
6.701893 2.596218 1
6.500976 2.596862 1
6.300426 2.597482 1
6.100166 2.597859 1
5.900070 2.598031 1
5.700036 2.598082 1
5.500020 2.598085 1
5.300009 2.598080 1
5.100002 2.598078 1
4.899997 2.598078 1
4.699988 2.598081 1
4.499968 2.598094 1
4.299912 2.598133 1
4.099755 2.598246 1
3.899334 2.598537 1
3.698352 2.599176 1
3.496516 2.600291 1
3.294110 2.601950 1
3.091786 2.605796 1
2.885270 2.618359 1
2.808132 2.807213 1
2.779400 2.995999 1
2.777545 3.190280 1
2.776947 3.392756 1
2.774630 3.596229 1
2.772931 3.798154 1
2.772066 3.999056 1
7.227750 6.397942 2
7.228303 6.199261 2
7.228359 5.999932 1
7.228419 5.800118 1
7.228533 5.600099 1
7.228634 5.400047 1
7.228690 5.200013 1
7.228707 4.999991 1
7.228694 4.799959 1
7.228652 4.599897 1
7.228584 4.399815 1
7.228517 4.199793 1
7.228503 4.000044 1
7.228488 3.800911 1
7.228018 3.602712 1
7.225955 3.405191 1
7.220392 3.205528 1
7.222239 3.005103 1
7.217866 2.790201 1
7.001481 2.767710 1
6.802310 2.766870 1
6.601788 2.768381 1
6.401031 2.769757 1
6.200559 2.770633 1
6.000339 2.771116 1
5.800220 2.771300 1
5.600135 2.771328 1
5.400070 2.771310 1
5.200027 2.771293 1
4.999999 2.771287 1
4.799970 2.771295 1
4.599919 2.771318 1
4.399827 2.771373 1
4.199659 2.771497 1
3.999314 2.771808 1
3.798517 2.772568 1
3.596696 2.774163 1
3.393331 2.776373 1
3.190976 2.776849 1
2.996826 2.778574 1
2.771655 4.199502 2
2.922392 2.921528 1
2.946249 3.082691 1
2.957400 3.285266 1
2.952061 3.493652 1
2.948034 3.696757 1
2.946264 3.897863 1
2.945481 4.098550 1
7.054894 6.100076 2
7.054683 5.900492 2
7.054866 5.700380 2
7.055157 5.500192 1
7.055366 5.300069 1
7.055458 5.099999 1
7.055461 4.899924 1
7.055388 4.699782 1
7.055244 4.499543 1
7.055079 4.299260 1
7.055042 4.099163 1
7.055341 3.899759 1
7.055895 3.701829 1
7.055636 3.506113 1
7.051824 3.313012 1
7.025085 3.104084 1
7.073992 2.920014 1
6.902282 2.933767 1
6.703349 2.938375 1
6.502329 2.941333 1
6.301538 2.942856 1
6.101200 2.943983 1
5.900901 2.944539 1
5.700603 2.944670 1
5.500349 2.944624 1
5.300164 2.944554 1
5.100044 2.944515 1
4.899949 2.944519 1
4.699821 2.944566 1
4.499619 2.944663 1
4.299323 2.944820 1
4.098934 2.945094 1
3.898422 2.945704 1
3.697459 2.947331 1
3.494440 2.951274 1
3.286091 2.956575 1
3.083534 2.945406 1
2.945043 4.299105 2
3.160048 3.159053 1
3.134210 3.392973 1
3.123370 3.596509 1
3.120593 3.796051 1
3.119744 3.996455 1
3.119122 4.197420 1
3.118584 4.398415 1
2.944766 4.499521 2
6.881126 5.600614 2
6.881736 5.400246 1
6.882077 5.200054 1
6.882175 4.999899 1
6.882082 4.799642 1
6.881815 4.599163 1
6.881443 4.398440 1
6.881188 4.197661 1
6.881483 3.997330 1
6.883006 3.798505 1
6.885648 3.602848 1
6.887191 3.411706 1
6.896906 3.246528 1
6.807559 3.105780 1
6.605196 3.113425 1
6.403300 3.113977 1
6.203310 3.116281 1
6.002806 3.117798 1
5.802030 3.118254 1
5.601278 3.118198 1
5.400676 3.117987 1
5.200269 3.117822 1
4.999989 3.117771 1
4.799702 3.117842 1
4.599276 3.118035 1
4.398651 3.118316 1
4.197893 3.118627 1
3.997207 3.118982 1
3.797036 3.119605 1
3.597621 3.122257 1
3.394090 3.133093 1
3.118154 4.599186 2
3.320134 3.318774 1
3.293481 3.503857 1
3.292979 3.693779 1
3.294220 3.892272 1
3.293897 4.093745 1
3.293229 4.295729 1
3.292369 4.497565 1
6.707357 5.500651 2
6.708319 5.300206 1
6.708727 5.099927 1
6.708698 4.899539 1
6.708280 4.698785 1
6.707546 4.497481 1
6.706819 4.295703 1
6.706699 4.093930 1
6.707966 3.892879 1
6.713069 3.694792 1
6.721134 3.503249 1
6.714007 3.298263 1
6.503598 3.281546 1
6.307525 3.286827 1
6.107226 3.291108 1
5.905461 3.292304 1
5.703693 3.292384 1
5.502136 3.291913 1
5.301006 3.291391 1
5.100268 3.291113 1
4.899672 3.291137 1
4.698908 3.291465 1
4.497745 3.292047 1
4.296191 3.292655 1
4.094584 3.292998 1
3.893475 3.292995 1
3.695218 3.291535 1
3.505338 3.292000 1
3.291625 4.698853 2
3.433333 3.431665 1
3.456739 3.587969 1
3.469515 3.783359 1
3.469277 3.986945 1
3.469207 4.190248 1
3.468053 4.393979 1
3.466382 4.596951 1
3.465122 4.798721 1
3.291190 4.899559 2
6.533750 5.400454 2
6.534873 5.200035 1
6.535142 4.999551 1
6.534647 4.798604 1
6.533405 4.596767 1
6.531759 4.393763 1
6.530834 4.190064 1
6.531560 3.986812 1
6.533312 3.782964 1
6.550257 3.585893 1
6.580191 3.424278 1
6.415909 3.450574 1
6.216805 3.465732 1
6.012115 3.466950 1
5.808833 3.467701 1
5.605465 3.467008 1
5.402808 3.465672 1
5.201106 3.464736 1
4.999941 3.464459 1
4.798752 3.464832 1
4.596994 3.465860 1
4.394298 3.467295 1
4.191016 3.468174 1
3.988198 3.467917 1
3.784965 3.467881 1
3.589710 3.454995 1
3.464505 4.999568 2
3.660070 3.658274 1
3.643328 3.878004 1
3.646447 4.080515 1
3.646656 4.287077 1
3.643370 4.493326 1
3.640344 4.697091 1
3.638500 4.898977 1
6.360236 5.300147 1
6.361205 5.099681 1
6.360919 4.898767 1
6.359250 4.696793 1
6.356237 4.492949 1
6.352998 4.286659 1
6.353514 4.080087 1
6.357468 3.877417 1
6.342303 3.656801 1
6.120941 3.640646 1
5.918134 3.644237 1
5.711941 3.644645 1
5.506257 3.641587 1
5.302824 3.639053 1
5.100743 3.637913 1
4.899042 3.637994 1
4.696891 3.639292 1
4.493366 3.641963 1
4.287665 3.645133 1
4.081683 3.644882 1
3.879602 3.641633 1
3.637753 5.099737 2
6.357897 5.500551 2
3.794060 3.792303 1
3.820471 3.964051 1
3.831830 4.173845 1
3.824738 4.387755 1
3.818118 4.594825 1
3.813838 4.798208 1
3.811523 4.999689 1
6.184464 5.400049 2
6.186517 5.199762 1
6.187013 4.999155 1
6.185367 4.797679 1
6.181274 4.594276 1
6.174655 4.387145 1
6.167640 4.173211 1
6.179339 3.963414 1
6.206383 3.791509 1
6.034045 3.817878 1
5.824357 3.828679 1
5.611322 3.820980 1
5.405224 3.814687 1
5.202112 3.811705 1
4.999848 3.810969 1
4.797530 3.811940 1
4.594291 3.815134 1
4.388085 3.821581 1
4.175085 3.829355 1
3.965717 3.818590 1
3.810730 5.200062 2
4.042418 4.039702 1
4.013954 4.282567 1
3.999677 4.493560 1
3.991608 4.698021 1
3.986436 4.900120 1
3.983922 5.100821 2
6.010387 5.299516 2
6.012669 5.099244 2
6.011981 4.898929 1
6.007491 4.697156 1
5.999539 4.492769 1
5.985254 4.281757 1
5.956914 4.038933 1
5.714865 4.007560 1
5.506200 3.991862 1
5.303460 3.985818 1
5.101062 3.983914 1
4.898533 3.984063 1
4.696011 3.986255 1
4.493102 3.992536 1
4.284352 4.008356 1
4.208342 4.202204 1
4.182033 4.398869 1
4.173604 4.599751 1
4.162862 4.802161 1
4.158014 5.002370 2
5.839147 4.999345 2
5.835851 4.800506 1
5.825511 4.598698 1
5.817083 4.397943 1
5.790763 4.201298 1
5.598191 4.166802 1
5.403332 4.158935 1
5.202557 4.156714 1
4.999789 4.156389 1
4.796943 4.157049 1
4.595987 4.159571 1
4.400958 4.167648 1
4.331014 4.318569 1
4.371658 4.498763 1
4.339408 4.709141 1
4.332259 4.905314 2
5.666323 4.901888 2
5.659755 4.707521 1
5.627558 4.497765 1
5.668088 4.317640 1
5.502778 4.327365 1
5.304957 4.328632 1
5.101945 4.329381 1
4.897652 4.329564 1
4.694493 4.329161 1
4.496460 4.328167 1
4.496521 4.641739 1
4.503991 4.810073 2
5.495658 4.807553 2
5.502953 4.640473 1
5.410894 4.498173 1
5.206214 4.504466 1
4.999890 4.503228 1
4.793485 4.504927 1
4.588579 4.498978 1
4.682240 4.694730 1
5.317714 4.693514 2
5.100462 4.676728 2
4.899690 4.677087 1
4.673819 4.906794 2
4.822480 4.827415 2
5.000582 4.858382 2
 0 1 2
 2 3 4
 4 5 6
 6 7 8
 8 9 10
 10 11 12
 12 13 14
 14 15 16
 16 17 18
 18 19 20
 20 21 22
 22 23 24
 24 25 26
 26 27 28
 28 29 30
 31 32 33
 33 34 35
 35 36 37
 37 38 39
 39 40 41
 41 42 43
 43 44 45
 45 46 47
 47 48 49
 49 50 51
 51 52 53
 53 54 55
 55 56 57
 57 58 59
 59 60 61
 61 62 63
 63 64 65
 65 66 67
 67 68 69
 69 70 71
 71 72 73
 73 74 75
 75 76 77
 77 78 79
 79 80 81
 81 82 83
 83 84 85
 85 86 87
 87 88 89
 89 90 91
 91 92 93
 93 94 95
 95 96 97
 97 98 99
 99 100 101
 102 103 101
 104 103 102
 105 104 106
 107 105 108
 109 107 110
 111 109 112
 113 111 114
 115 113 116
 117 115 118
 119 117 120
 121 119 122
 123 121 124
 125 123 126
 127 125 128
 129 127 130
 131 129 132
 133 131 134
 135 133 136
 137 135 138
 139 137 140
 141 139 142
 143 141 144
 145 143 146
 147 145 148
 149 147 150
 151 149 152
 153 151 154
 155 153 156
 157 155 158
 159 157 160
 161 159 162
 163 161 164
 165 163 166
 167 165 168
 169 167 170
 171 169 172
 173 171 174
 175 173 176
 177 175 178
 179 177 180
 181 179 182
 183 181 184
 185 183 186
 187 185 188
 189 187 190
 191 189 192
 193 191 194
 195 193 196
 197 195 198
 199 197 200
 0 199 1
 2 1 201
 4 3 5
 2 201 3
 6 5 7
 8 7 9
 10 9 11
 12 11 13
 14 13 15
 16 15 17
 18 17 19
 20 19 21
 22 21 23
 24 23 25
 26 25 27
 28 27 29
 30 29 202
 32 34 33
 34 36 35
 36 38 37
 38 40 39
 40 42 41
 42 44 43
 44 46 45
 46 48 47
 48 50 49
 50 52 51
 52 54 53
 55 54 56
 57 56 58
 59 58 60
 61 60 62
 63 62 64
 65 64 66
 67 66 68
 69 68 70
 71 70 72
 73 72 74
 75 74 76
 77 76 78
 79 78 80
 81 80 82
 83 82 84
 85 84 86
 87 86 88
 89 88 90
 91 90 92
 93 92 94
 95 94 96
 97 96 98
 99 98 100
 100 203 101
 203 102 101
 203 104 102
 106 104 203
 105 106 108
 107 108 110
 109 110 112
 111 112 114
 113 114 116
 115 116 118
 117 118 120
 119 120 122
 121 122 124
 123 124 126
 125 126 128
 127 128 130
 129 130 132
 131 132 134
 133 134 136
 135 136 138
 137 138 140
 139 140 142
 141 142 144
 143 144 146
 145 146 148
 147 148 150
 149 150 152
 151 152 154
 153 154 156
 155 156 158
 157 158 160
 159 160 162
 161 162 164
 163 164 166
 165 166 168
 167 168 170
 169 170 172
 171 172 174
 173 174 176
 175 176 178
 177 178 180
 179 180 182
 181 182 184
 183 184 186
 185 186 188
 187 188 190
 189 190 192
 191 192 194
 193 194 196
 195 196 198
 197 198 200
 199 200 201
 1 199 201
 204 5 3
 201 200 3
 205 7 5
 206 9 7
 207 11 9
 208 13 11
 209 15 13
 210 17 15
 211 19 17
 212 21 19
 213 23 21
 214 25 23
 215 27 25
 216 29 27
 217 202 29
 32 218 34
 34 219 36
 36 220 38
 38 221 40
 40 222 42
 42 223 44
 44 224 46
 46 225 48
 48 226 50
 50 227 52
 52 228 54
 229 56 54
 230 58 56
 231 60 58
 232 62 60
 233 64 62
 234 66 64
 235 68 66
 236 70 68
 237 72 70
 238 74 72
 239 76 74
 240 78 76
 241 80 78
 242 82 80
 243 84 82
 244 86 84
 245 88 86
 246 90 88
 247 92 90
 248 94 92
 249 96 94
 250 98 96
 251 100 98
 106 203 100
 106 251 108
 110 108 252
 112 110 253
 114 112 254
 116 114 255
 118 116 256
 118 257 120
 122 120 258
 124 122 259
 126 124 260
 128 126 261
 130 128 262
 132 130 263
 134 132 264
 136 134 265
 138 136 266
 140 138 267
 142 140 268
 144 142 269
 146 144 270
 148 146 271
 150 148 272
 152 150 273
 154 152 274
 275 156 154
 276 158 156
 277 160 158
 278 162 160
 279 164 162
 166 164 280
 168 166 281
 170 168 282
 172 170 283
 174 172 284
 176 174 285
 178 176 286
 180 178 287
 182 180 288
 184 182 289
 186 184 290
 188 186 291
 190 188 292
 192 190 293
 194 192 294
 196 194 295
 196 296 198
 198 204 200
 200 204 3
 204 205 5
 205 206 7
 206 207 9
 207 208 11
 208 209 13
 209 210 15
 210 211 17
 211 212 19
 212 213 21
 213 214 23
 214 215 25
 215 216 27
 216 217 29
 217 297 202
 218 219 34
 219 220 36
 220 221 38
 221 222 40
 222 223 42
 223 224 44
 224 225 46
 225 226 48
 226 227 50
 227 228 52
 228 229 54
 229 230 56
 230 231 58
 231 232 60
 232 233 62
 233 234 64
 234 235 66
 235 236 68
 236 237 70
 237 238 72
 238 239 74
 239 240 76
 240 241 78
 241 242 80
 242 243 82
 243 244 84
 244 245 86
 245 246 88
 246 247 90
 247 248 92
 248 249 94
 249 250 96
 250 251 98
 106 100 251
 251 252 108
 110 252 253
 112 253 254
 114 254 255
 116 255 256
 118 256 257
 257 258 120
 122 258 259
 124 259 260
 126 260 261
 128 261 262
 130 262 263
 132 263 264
 134 264 265
 136 265 266
 138 266 267
 140 267 268
 142 268 269
 144 269 270
 146 270 271
 148 271 272
 150 272 273
 152 273 274
 154 274 275
 276 156 275
 277 158 276
 278 160 277
 279 162 278
 280 164 279
 166 280 281
 168 281 282
 170 282 283
 172 283 284
 174 284 285
 176 285 286
 178 286 287
 180 287 288
 182 288 289
 184 289 290
 186 290 291
 188 291 292
 190 292 293
 192 293 294
 194 294 295
 196 295 296
 296 204 198
 298 205 204
 299 206 205
 300 207 206
 301 208 207
 302 209 208
 303 210 209
 304 211 210
 305 212 211
 306 213 212
 307 214 213
 308 215 214
 309 216 215
 310 217 216
 217 311 297
 218 312 219
 219 313 220
 220 314 221
 221 315 222
 222 316 223
 223 317 224
 224 318 225
 225 319 226
 226 320 227
 227 321 228
 228 322 229
 229 323 230
 324 231 230
 231 325 232
 326 233 232
 327 234 233
 328 235 234
 235 329 236
 330 237 236
 331 238 237
 332 239 238
 333 240 239
 334 241 240
 335 242 241
 243 242 336
 337 244 243
 338 245 244
 339 246 245
 340 247 246
 341 248 247
 342 249 248
 343 250 249
 251 250 344
 251 344 252
 253 252 345
 254 253 346
 255 254 347
 256 255 348
 257 256 349
 258 257 350
 259 258 351
 259 352 260
 261 260 353
 262 261 354
 263 262 355
 264 263 356
 265 264 357
 266 265 358
 267 266 359
 268 267 360
 269 268 361
 270 269 362
 271 270 363
 272 271 364
 273 272 365
 274 273 366
 274 367 275
 275 368 276
 276 369 277
 277 370 278
 278 371 279
 372 280 279
 373 281 280
 374 282 281
 283 282 375
 376 284 283
 285 284 377
 286 285 378
 287 286 379
 287 380 288
 289 288 381
 290 289 382
 291 290 383
 292 291 384
 293 292 385
 294 293 386
 294 387 295
 296 295 388
 296 298 204
 298 299 205
 299 300 206
 300 301 207
 301 302 208
 302 303 209
 303 304 210
 304 305 211
 305 306 212
 306 307 213
 307 308 214
 308 309 215
 309 310 216
 217 310 311
 297 311 389
 390 312 218
 312 313 219
 313 314 220
 314 315 221
 315 316 222
 316 317 223
 317 318 224
 318 319 225
 319 320 226
 320 321 227
 321 322 228
 322 323 229
 323 324 230
 231 324 325
 325 326 232
 326 327 233
 327 328 234
 235 328 329
 329 330 236
 330 331 237
 331 332 238
 332 333 239
 333 334 240
 334 335 241
 336 242 335
 336 337 243
 337 338 244
 338 339 245
 339 340 246
 340 341 247
 341 342 248
 342 343 249
 343 344 250
 345 252 344
 253 345 346
 254 346 347
 255 347 348
 256 348 349
 257 349 350
 258 350 351
 259 351 352
 352 353 260
 261 353 354
 262 354 355
 263 355 356
 264 356 357
 265 357 358
 266 358 359
 267 359 360
 268 360 361
 269 361 362
 270 362 363
 271 363 364
 272 364 365
 273 365 366
 274 366 367
 367 368 275
 368 369 276
 369 370 277
 370 371 278
 371 372 279
 373 280 372
 374 281 373
 375 282 374
 283 375 376
 377 284 376
 285 377 378
 286 378 379
 287 379 380
 380 381 288
 289 381 382
 290 382 383
 291 383 384
 292 384 385
 293 385 386
 294 386 387
 387 388 295
 296 388 298
 298 388 299
 391 300 299
 392 301 300
 393 302 301
 394 303 302
 304 303 395
 396 305 304
 397 306 305
 398 307 306
 399 308 307
 308 400 309
 309 401 310
 310 402 311
 389 311 403
 404 312 390
 312 405 313
 313 406 314
 314 407 315
 315 408 316
 316 409 317
 410 318 317
 318 411 319
 319 412 320
 320 413 321
 321 414 322
 322 415 323
 416 324 323
 417 325 324
 325 418 326
 419 327 326
 420 328 327
 421 329 328
 329 422 330
 423 331 330
 424 332 331
 425 333 332
 334 333 426
 427 335 334
 428 336 335
 429 337 336
 430 338 337
 431 339 338
 432 340 339
 433 341 340
 434 342 341
 435 343 342
 345 344 343
 346 345 436
 347 346 437
 347 438 348
 349 348 439
 350 349 440
 351 350 441
 351 442 352
 353 352 443
 354 353 444
 354 445 355
 356 355 446
 356 447 357
 358 357 448
 359 358 449
 360 359 450
 361 360 451
 362 361 452
 362 453 363
 364 363 454
 365 364 455
 366 365 456
 367 366 457
 368 367 458
 369 368 459
 370 369 460
 371 370 461
 372 371 462
 372 463 373
 373 464 374
 374 465 375
 375 466 376
 467 377 376
 468 378 377
 469 379 378
 379 470 380
 381 380 471
 382 381 472
 383 382 473
 474 384 383
 385 384 475
 386 385 476
 386 477 387
 388 387 391
 388 391 299
 391 392 300
 392 393 301
 393 394 302
 395 303 394
 395 396 304
 396 397 305
 397 398 306
 398 399 307
 308 399 400
 309 400 401
 310 401 402
 403 311 402
 478 404 390
 405 312 404
 405 406 313
 406 407 314
 407 408 315
 408 409 316
 409 410 317
 411 318 410
 411 412 319
 412 413 320
 413 414 321
 414 415 322
 415 416 323
 416 417 324
 325 417 418
 418 419 326
 419 420 327
 420 421 328
 329 421 422
 422 423 330
 423 424 331
 424 425 332
 426 333 425
 426 427 334
 427 428 335
 428 429 336
 429 430 337
 430 431 338
 431 432 339
 432 433 340
 433 434 341
 434 435 342
 435 345 343
 436 345 435
 346 436 437
 347 437 438
 438 439 348
 349 439 440
 350 440 441
 351 441 442
 442 443 352
 353 443 444
 354 444 445
 445 446 355
 356 446 447
 447 448 357
 358 448 449
 359 449 450
 360 450 451
 361 451 452
 362 452 453
 453 454 363
 364 454 455
 456 365 455
 366 456 457
 367 457 458
 368 458 459
 369 459 460
 370 460 461
 371 461 462
 372 462 463
 463 464 373
 464 465 374
 465 466 375
 466 467 376
 468 377 467
 469 378 468
 470 379 469
 470 471 380
 381 471 472
 382 472 473
 383 473 474
 475 384 474
 385 475 476
 386 476 477
 477 391 387
 479 392 391
 480 393 392
 481 394 393
 482 395 394
 483 396 395
 396 484 397
 397 485 398
 398 486 399
 400 399 487
 401 400 488
 402 401 489
 490 403 402
 478 491 404
 492 405 404
 493 406 405
 406 494 407
 495 408 407
 408 496 409
 409 497 410
 410 498 411
 411 499 412
 412 500 413
 413 501 414
 502 415 414
 503 416 415
 504 417 416
 505 418 417
 418 506 419
 507 420 419
 421 420 508
 509 422 421
 510 423 422
 424 423 511
 512 425 424
 513 426 425
 427 426 514
 515 428 427
 516 429 428
 517 430 429
 518 431 430
 432 431 519
 433 432 520
 521 434 433
 522 435 434
 436 435 522
 436 522 437
 438 437 523
 438 524 439
 439 525 440
 441 440 526
 442 441 527
 443 442 528
 444 443 529
 444 530 445
 446 445 531
 447 446 532
 447 533 448
 448 534 449
 450 449 535
 450 536 451
 452 451 537
 453 452 538
 454 453 539
 455 454 540
 455 541 456
 456 542 457
 457 543 458
 458 544 459
 459 545 460
 460 546 461
 547 462 461
 463 462 548
 463 549 464
 465 464 550
 466 465 551
 467 466 552
 467 553 468
 468 554 469
 469 555 470
 556 471 470
 557 472 471
 558 473 472
 474 473 559
 475 474 560
 476 475 561
 477 476 562
 477 479 391
 479 480 392
 480 481 393
 481 482 394
 482 483 395
 396 483 484
 397 484 485
 398 485 486
 487 399 486
 488 400 487
 489 401 488
 489 490 402
 490 563 403
 564 491 478
 491 492 404
 493 405 492
 494 406 493
 494 495 407
 496 408 495
 496 497 409
 497 498 410
 498 499 411
 499 500 412
 500 501 413
 501 502 414
 503 415 502
 504 416 503
 504 505 417
 418 505 506
 506 507 419
 508 420 507
 508 509 421
 509 510 422
 511 423 510
 511 512 424
 512 513 425
 514 426 513
 514 515 427
 515 516 428
 516 517 429
 517 518 430
 519 431 518
 520 432 519
 520 521 433
 521 522 434
 522 523 437
 438 523 524
 524 525 439
 525 526 440
 441 526 527
 442 527 528
 443 528 529
 444 529 530
 530 531 445
 446 531 532
 447 532 533
 533 534 448
 534 535 449
 450 535 536
 536 537 451
 452 537 538
 453 538 539
 454 539 540
 455 540 541
 456 541 542
 542 543 457
 543 544 458
 544 545 459
 545 546 460
 546 547 461
 548 462 547
 463 548 549
 549 550 464
 465 550 551
 466 551 552
 467 552 553
 553 554 468
 554 555 469
 555 556 470
 557 471 556
 558 472 557
 559 473 558
 474 559 560
 475 560 561
 476 561 562
 477 562 479
 479 565 480
 566 481 480
 481 567 482
 482 568 483
 483 569 484
 485 484 570
 486 485 571
 572 487 486
 573 488 487
 489 488 574
 575 490 489
 490 576 563
 564 577 491
 578 492 491
 492 579 493
 493 580 494
 494 581 495
 582 496 495
 583 497 496
 497 584 498
 585 499 498
 500 499 586
 501 500 587
 588 502 501
 502 589 503
 503 590 504
 591 505 504
 592 506 505
 593 507 506
 594 508 507
 595 509 508
 596 510 509
 510 597 511
 512 511 598
 599 513 512
 600 514 513
 601 515 514
 602 516 515
 603 517 516
 518 517 604
 519 518 605
 520 519 606
 607 521 520
 522 521 608
 522 608 523
 524 523 609
 524 610 525
 611 526 525
 526 612 527
 528 527 613
 529 528 614
 530 529 615
 531 530 616
 532 531 617
 532 618 533
 534 533 619
 535 534 620
 536 535 621
 536 622 537
 537 623 538
 539 538 624
 539 625 540
 541 540 626
 542 541 627
 542 628 543
 544 543 629
 544 630 545
 545 631 546
 546 632 547
 547 633 548
 548 634 549
 549 635 550
 550 636 551
 637 552 551
 553 552 638
 639 554 553
 555 554 640
 556 555 641
 556 642 557
 643 558 557
 644 559 558
 645 560 559
 561 560 646
 562 561 647
 479 562 565
 565 566 480
 481 566 567
 482 567 568
 483 568 569
 570 484 569
 571 485 570
 571 572 486
 572 573 487
 574 488 573
 574 575 489
 490 575 576
 577 578 491
 579 492 578
 579 580 493
 580 581 494
 581 582 495
 583 496 582
 584 497 583
 584 585 498
 586 499 585
 587 500 586
 587 588 501
 589 502 588
 589 590 503
 590 591 504
 591 592 505
 592 593 506
 593 594 507
 594 595 508
 595 596 509
 510 596 597
 598 511 597
 598 599 512
 599 600 513
 600 601 514
 601 602 515
 602 603 516
 604 517 603
 605 518 604
 606 519 605
 606 607 520
 607 608 521
 609 523 608
 524 609 610
 610 611 525
 612 526 611
 612 613 527
 528 613 614
 529 614 615
 530 615 616
 531 616 617
 532 617 618
 618 619 533
 534 619 620
 535 620 621
 536 621 622
 622 623 537
 623 624 538
 539 624 625
 626 540 625
 627 541 626
 542 627 628
 628 629 543
 544 629 630
 630 631 545
 631 632 546
 632 633 547
 633 634 548
 634 635 549
 635 636 550
 636 637 551
 638 552 637
 553 638 639
 640 554 639
 555 640 641
 556 641 642
 642 643 557
 644 558 643
 645 559 644
 646 560 645
 561 646 647
 562 647 565
 647 566 565
 566 648 567
 567 649 568
 569 568 650
 651 570 569
 570 652 571
 653 572 571
 572 654 573
 574 573 655
 575 574 656
 576 575 657
 577 658 578
 579 578 659
 579 660 580
 661 581 580
 662 582 581
 582 663 583
 583 664 584
 584 665 585
 666 586 585
 667 587 586
 587 668 588
 589 588 669
 670 590 589
 671 591 590
 591 672 592
 673 593 592
 593 674 594
 595 594 675
 676 596 595
 677 597 596
 597 678 598
 679 599 598
 680 600 599
 681 601 600
 682 602 601
 603 602 683
 603 684 604
 605 604 685
 686 606 605
 687 607 606
 609 608 607
 610 609 688
 610 689 611
 690 612 611
 691 613 612
 613 692 614
 615 614 693
 615 694 616
 617 616 695
 618 617 696
 619 618 697
 620 619 698
 620 699 621
 621 700 622
 623 622 701
 624 623 702
 625 624 703
 625 704 626
 626 705 627
 706 628 627
 628 707 629
 629 708 630
 630 709 631
 710 632 631
 633 632 711
 634 633 712
 634 713 635
 635 714 636
 636 715 637
 637 716 638
 638 717 639
 639 718 640
 719 641 640
 642 641 720
 643 642 721
 644 643 722
 644 723 645
 646 645 724
 648 647 646
 566 647 648
 567 648 649
 650 568 649
 650 651 569
 570 651 652
 652 653 571
 572 653 654
 655 573 654
 656 574 655
 657 575 656
 725 658 577
 658 659 578
 579 659 660
 660 661 580
 662 581 661
 663 582 662
 663 664 583
 664 665 584
 665 666 585
 666 667 586
 587 667 668
 668 669 588
 589 669 670
 671 590 670
 672 591 671
 672 673 592
 593 673 674
 675 594 674
 675 676 595
 676 677 596
 597 677 678
 678 679 598
 679 680 599
 680 681 600
 681 682 601
 683 602 682
 603 683 684
 685 604 684
 685 686 605
 686 687 606
 687 688 607
 688 609 607
 610 688 689
 689 690 611
 691 612 690
 692 613 691
 692 693 614
 615 693 694
 694 695 616
 617 695 696
 618 696 697
 619 697 698
 620 698 699
 699 700 621
 700 701 622
 623 701 702
 624 702 703
 625 703 704
 626 704 705
 705 706 627
 707 628 706
 707 708 629
 708 709 630
 709 710 631
 711 632 710
 633 711 712
 634 712 713
 713 714 635
 714 715 636
 715 716 637
 716 717 638
 717 718 639
 718 719 640
 720 641 719
 642 720 721
 643 721 722
 644 722 723
 723 724 645
 646 724 648
 649 648 726
 727 650 649
 728 651 650
 651 729 652
 653 652 730
 654 653 731
 655 654 732
 656 655 733
 657 656 734
 725 735 658
 736 659 658
 659 737 660
 660 738 661
 662 661 739
 663 662 740
 663 741 664
 742 665 664
 743 666 665
 667 666 744
 668 667 745
 746 669 668
 747 670 669
 748 671 670
 749 672 671
 750 673 672
 751 674 673
 674 752 675
 675 753 676
 754 677 676
 755 678 677
 756 679 678
 757 680 679
 758 681 680
 682 681 759
 682 760 683
 683 761 684
 684 762 685
 686 685 763
 686 764 687
 688 687 764
 688 764 689
 689 765 690
 766 691 690
 767 692 691
 768 693 692
 693 769 694
 695 694 770
 696 695 771
 696 772 697
 698 697 773
 699 698 774
 700 699 775
 701 700 776
 702 701 777
 702 778 703
 703 779 704
 704 780 705
 705 781 706
 706 782 707
 707 783 708
 709 708 784
 709 785 710
 710 786 711
 711 787 712
 712 788 713
 713 789 714
 790 715 714
 716 715 791
 716 792 717
 717 793 718
 718 794 719
 719 795 720
 720 796 721
 797 722 721
 723 722 798
 724 723 799
 726 648 724
 726 727 649
 727 728 650
 651 728 729
 730 652 729
 731 653 730
 732 654 731
 733 655 732
 734 656 733
 734 800 657
 735 736 658
 737 659 736
 737 738 660
 738 739 661
 662 739 740
 663 740 741
 741 742 664
 743 665 742
 744 666 743
 745 667 744
 745 746 668
 747 669 746
 748 670 747
 749 671 748
 750 672 749
 750 751 673
 674 751 752
 675 752 753
 753 754 676
 754 755 677
 755 756 678
 756 757 679
 757 758 680
 759 681 758
 682 759 760
 683 760 761
 684 761 762
 763 685 762
 686 763 764
 764 765 689
 765 766 690
 767 691 766
 768 692 767
 769 693 768
 769 770 694
 695 770 771
 696 771 772
 772 773 697
 698 773 774
 699 774 775
 700 775 776
 701 776 777
 702 777 778
 703 778 779
 704 779 780
 705 780 781
 781 782 706
 782 783 707
 783 784 708
 709 784 785
 785 786 710
 786 787 711
 787 788 712
 788 789 713
 789 790 714
 791 715 790
 716 791 792
 792 793 717
 793 794 718
 794 795 719
 795 796 720
 796 797 721
 798 722 797
 723 798 799
 724 799 726
 726 801 727
 727 802 728
 729 728 803
 730 729 804
 731 730 805
 806 732 731
 732 807 733
 734 733 808
 800 734 809
 810 736 735
 736 811 737
 738 737 812
 813 739 738
 739 814 740
 740 815 741
 741 816 742
 743 742 817
 743 818 744
 745 744 819
 746 745 820
 821 747 746
 822 748 747
 823 749 748
 824 750 749
 750 825 751
 826 752 751
 827 753 752
 828 754 753
 829 755 754
 830 756 755
 831 757 756
 758 757 832
 758 833 759
 759 834 760
 760 835 761
 761 836 762
 763 762 837
 838 764 763
 765 764 838
 765 839 766
 840 767 766
 768 767 841
 842 769 768
 843 770 769
 770 844 771
 771 845 772
 773 772 846
 774 773 847
 774 848 775
 775 849 776
 777 776 850
 778 777 851
 778 852 779
 779 853 780
 780 854 781
 782 781 855
 783 782 856
 784 783 857
 785 784 858
 859 786 785
 787 786 860
 787 861 788
 789 788 862
 789 863 790
 864 791 790
 791 865 792
 792 866 793
 867 794 793
 794 868 795
 795 869 796
 796 870 797
 871 798 797
 872 799 798
 726 799 801
 727 801 802
 803 728 802
 804 729 803
 805 730 804
 805 806 731
 732 806 807
 808 733 807
 809 734 808
 873 800 809
 811 736 810
 811 812 737
 738 812 813
 814 739 813
 814 815 740
 815 816 741
 816 817 742
 743 817 818
 819 744 818
 820 745 819
 746 820 821
 821 822 747
 823 748 822
 824 749 823
 825 750 824
 825 826 751
 826 827 752
 827 828 753
 828 829 754
 829 830 755
 830 831 756
 832 757 831
 758 832 833
 759 833 834
 760 834 835
 761 835 836
 837 762 836
 838 763 837
 765 838 839
 839 840 766
 841 767 840
 768 841 842
 843 769 842
 844 770 843
 844 845 771
 845 846 772
 773 846 847
 774 847 848
 848 849 775
 849 850 776
 777 850 851
 778 851 852
 779 852 853
 780 853 854
 855 781 854
 856 782 855
 783 856 857
 784 857 858
 785 858 859
 860 786 859
 787 860 861
 861 862 788
 789 862 863
 863 864 790
 865 791 864
 865 866 792
 866 867 793
 868 794 867
 868 869 795
 869 870 796
 870 871 797
 872 798 871
 801 799 872
 801 872 802
 803 802 874
 804 803 875
 804 876 805
 806 805 877
 806 878 807
 808 807 879
 880 809 808
 873 809 881
 811 810 882
 883 812 811
 884 813 812
 813 885 814
 814 886 815
 815 887 816
 888 817 816
 889 818 817
 890 819 818
 891 820 819
 892 821 820
 893 822 821
 822 894 823
 823 895 824
 896 825 824
 825 897 826
 826 898 827
 899 828 827
 900 829 828
 830 829 901
 830 902 831
 832 831 903
 832 904 833
 905 834 833
 834 906 835
 835 907 836
 837 836 908
 838 837 839
 908 840 839
 909 841 840
 842 841 910
 843 842 911
 912 844 843
 913 845 844
 914 846 845
 846 915 847
 847 916 848
 848 917 849
 918 850 849
 850 919 851
 851 920 852
 853 852 921
 854 853 922
 855 854 923
 856 855 924
 925 857 856
 926 858 857
 927 859 858
 928 860 859
 860 929 861
 862 861 930
 863 862 931
 864 863 932
 864 933 865
 866 865 934
 866 935 867
 868 867 936
 868 937 869
 938 870 869
 939 871 870
 871 874 872
 874 802 872
 875 803 874
 804 875 876
 877 805 876
 806 877 878
 879 807 878
 879 880 808
 881 809 880
 881 940 873
 810 941 882
 811 882 883
 884 812 883
 885 813 884
 885 886 814
 886 887 815
 887 888 816
 888 889 817
 889 890 818
 890 891 819
 891 892 820
 893 821 892
 894 822 893
 894 895 823
 895 896 824
 897 825 896
 826 897 898
 898 899 827
 899 900 828
 901 829 900
 830 901 902
 903 831 902
 832 903 904
 904 905 833
 834 905 906
 835 906 907
 908 836 907
 837 908 839
 909 840 908
 910 841 909
 842 910 911
 843 911 912
 913 844 912
 914 845 913
 915 846 914
 915 916 847
 916 917 848
 917 918 849
 919 850 918
 851 919 920
 921 852 920
 922 853 921
 923 854 922
 924 855 923
 856 924 925
 926 857 925
 927 858 926
 928 859 927
 929 860 928
 929 930 861
 862 930 931
 863 931 932
 864 932 933
 933 934 865
 866 934 935
 935 936 867
 868 936 937
 937 938 869
 939 870 938
 874 871 939
 874 942 875
 876 875 943
 877 876 944
 945 878 877
 879 878 946
 947 880 879
 948 881 880
 940 881 949
 950 882 941
 883 882 951
 884 883 952
 885 884 953
 954 886 885
 955 887 886
 887 956 888
 888 957 889
 890 889 958
 891 890 959
 960 892 891
 892 961 893
 962 894 893
 963 895 894
 964 896 895
 896 965 897
 966 898 897
 967 899 898
 899 968 900
 901 900 969
 901 970 902
 902 971 903
 903 972 904
 973 905 904
 974 906 905
 907 906 975
 907 976 908
 976 909 908
 977 910 909
 911 910 978
 912 911 979
 913 912 980
 981 914 913
 982 915 914
 983 916 915
 917 916 984
 918 917 985
 918 986 919
 920 919 987
 920 988 921
 921 989 922
 922 990 923
 924 923 991
 925 924 992
 993 926 925
 926 994 927
 928 927 995
 996 929 928
 997 930 929
 998 931 930
 999 932 931
 932 1000 933
 934 933 1001
 935 934 1002
 935 1003 936
 937 936 1004
 1005 938 937
 938 1006 939
 874 939 942
 943 875 942
 944 876 943
 944 945 877
 946 878 945
 946 947 879
 947 948 880
 949 881 948
 940 949 1007
 951 882 950
 883 951 952
 884 952 953
 885 953 954
 955 886 954
 887 955 956
 888 956 957
 958 889 957
 959 890 958
 959 960 891
 961 892 960
 961 962 893
 963 894 962
 964 895 963
 965 896 964
 965 966 897
 966 967 898
 899 967 968
 969 900 968
 901 969 970
 902 970 971
 903 971 972
 972 973 904
 973 974 905
 975 906 974
 907 975 976
 976 977 909
 978 910 977
 911 978 979
 912 979 980
 913 980 981
 982 914 981
 983 915 982
 984 916 983
 917 984 985
 918 985 986
 987 919 986
 920 987 988
 921 988 989
 922 989 990
 991 923 990
 924 991 992
 925 992 993
 994 926 993
 994 995 927
 928 995 996
 997 929 996
 998 930 997
 999 931 998
 1000 932 999
 1000 1001 933
 934 1001 1002
 935 1002 1003
 1003 1004 936
 937 1004 1005
 1006 938 1005
 1006 942 939
 942 1006 943
 1008 944 943
 1009 945 944
 1010 946 945
 947 946 1011
 947 1012 948
 948 1013 949
 949 1014 1007
 951 950 1015
 1016 952 951
 953 952 1017
 1018 954 953
 955 954 1019
 955 1020 956
 1021 957 956
 1022 958 957
 1023 959 958
 1024 960 959
 1025 961 960
 961 1026 962
 962 1027 963
 963 1028 964
 965 964 1029
 965 1030 966
 967 966 1031
 968 967 1032
 968 1033 969
 969 1034 970
 1035 971 970
 1036 972 971
 972 1037 973
 1038 974 973
 975 974 1039
 976 975 977
 1040 978 977
 979 978 1041
 979 1042 980
 981 980 1043
 982 981 1044
 1045 983 982
 984 983 1046
 984 1047 985
 1048 986 985
 987 986 1049
 1050 988 987
 989 988 1051
 1052 990 989
 991 990 1053
 992 991 1054
 993 992 1055
 993 1056 994
 1057 995 994
 1058 996 995
 997 996 1059
 998 997 1060
 999 998 1061
 1062 1000 999
 1063 1001 1000
 1002 1001 1064
 1002 1065 1003
 1004 1003 1066
 1004 1067 1005
 1006 1005 1008
 1006 1008 943
 1008 1009 944
 1009 1010 945
 1011 946 1010
 947 1011 1012
 948 1012 1013
 949 1013 1014
 1014 1068 1007
 951 1015 1016
 1017 952 1016
 953 1017 1018
 1019 954 1018
 955 1019 1020
 1020 1021 956
 1021 1022 957
 1022 1023 958
 1023 1024 959
 1024 1025 960
 1026 961 1025
 1026 1027 962
 1027 1028 963
 1028 1029 964
 965 1029 1030
 1030 1031 966
 1032 967 1031
 968 1032 1033
 969 1033 1034
 1034 1035 970
 1035 1036 971
 972 1036 1037
 1037 1038 973
 1039 974 1038
 975 1039 977
 1039 1040 977
 1041 978 1040
 979 1041 1042
 1042 1043 980
 981 1043 1044
 982 1044 1045
 1046 983 1045
 984 1046 1047
 1047 1048 985
 1049 986 1048
 1049 1050 987
 1051 988 1050
 1051 1052 989
 1053 990 1052
 1054 991 1053
 992 1054 1055
 993 1055 1056
 1056 1057 994
 1058 995 1057
 1059 996 1058
 997 1059 1060
 998 1060 1061
 999 1061 1062
 1063 1000 1062
 1064 1001 1063
 1002 1064 1065
 1065 1066 1003
 1004 1066 1067
 1067 1008 1005
 1069 1009 1008
 1010 1009 1070
 1010 1071 1011
 1011 1072 1012
 1073 1013 1012
 1074 1014 1013
 1014 1075 1068
 1017 1016 1076
 1018 1017 1077
 1078 1019 1018
 1079 1020 1019
 1080 1021 1020
 1022 1021 1081
 1023 1022 1082
 1024 1023 1083
 1025 1024 1084
 1085 1026 1025
 1086 1027 1026
 1087 1028 1027
 1088 1029 1028
 1030 1029 1089
 1030 1090 1031
 1032 1031 1091
 1033 1032 1092
 1033 1093 1034
 1094 1035 1034
 1036 1035 1095
 1037 1036 1096
 1037 1097 1038
 1038 1098 1039
 1098 1040 1039
 1041 1040 1098
 1042 1041 1099
 1042 1100 1043
 1043 1101 1044
 1045 1044 1102
 1046 1045 1103
 1046 1104 1047
 1047 1105 1048
 1106 1049 1048
 1107 1050 1049
 1051 1050 1108
 1051 1109 1052
 1052 1110 1053
 1053 1111 1054
 1055 1054 1112
 1055 1113 1056
 1114 1057 1056
 1115 1058 1057
 1058 1116 1059
 1059 1117 1060
 1118 1061 1060
 1119 1062 1061
 1063 1062 1120
 1064 1063 1121
 1122 1065 1064
 1123 1066 1065
 1066 1124 1067
 1067 1069 1008
 1070 1009 1069
 1010 1070 1071
 1011 1071 1072
 1072 1073 1012
 1073 1074 1013
 1014 1074 1075
 1068 1075 1125
 1017 1076 1077
 1018 1077 1078
 1078 1079 1019
 1079 1080 1020
 1081 1021 1080
 1082 1022 1081
 1083 1023 1082
 1084 1024 1083
 1085 1025 1084
 1086 1026 1085
 1087 1027 1086
 1088 1028 1087
 1089 1029 1088
 1030 1089 1090
 1090 1091 1031
 1092 1032 1091
 1033 1092 1093
 1093 1094 1034
 1095 1035 1094
 1096 1036 1095
 1037 1096 1097
 1038 1097 1098
 1041 1098 1099
 1042 1099 1100
 1100 1101 1043
 1101 1102 1044
 1045 1102 1103
 1046 1103 1104
 1104 1105 1047
 1105 1106 1048
 1106 1107 1049
 1108 1050 1107
 1051 1108 1109
 1052 1109 1110
 1053 1110 1111
 1111 1112 1054
 1055 1112 1113
 1113 1114 1056
 1115 1057 1114
 1116 1058 1115
 1116 1117 1059
 1117 1118 1060
 1119 1061 1118
 1120 1062 1119
 1063 1120 1121
 1064 1121 1122
 1123 1065 1122
 1124 1066 1123
 1124 1069 1067
 1126 1070 1069
 1070 1127 1071
 1128 1072 1071
 1072 1129 1073
 1073 1130 1074
 1075 1074 1131
 1075 1132 1125
 1133 1134 1125
 1135 1136 1134
 1077 1076 1137
 1078 1077 1138
 1079 1078 1139
 1080 1079 1140
 1081 1080 1141
 1082 1081 1142
 1143 1083 1082
 1144 1084 1083
 1084 1145 1085
 1085 1146 1086
 1086 1147 1087
 1148 1088 1087
 1149 1089 1088
 1150 1090 1089
 1151 1091 1090
 1091 1152 1092
 1153 1093 1092
 1154 1094 1093
 1095 1094 1155
 1095 1156 1096
 1157 1097 1096
 1097 1158 1098
 1158 1099 1098
 1100 1099 1159
 1160 1101 1100
 1161 1102 1101
 1102 1162 1103
 1104 1103 1163
 1105 1104 1164
 1105 1165 1106
 1106 1166 1107
 1107 1167 1108
 1108 1168 1109
 1110 1109 1169
 1111 1110 1170
 1112 1111 1171
 1172 1113 1112
 1173 1114 1113
 1174 1115 1114
 1116 1115 1175
 1117 1116 1176
 1177 1118 1117
 1178 1119 1118
 1119 1179 1120
 1180 1121 1120
 1181 1122 1121
 1122 1182 1123
 1183 1124 1123
 1124 1126 1069
 1070 1126 1127
 1127 1128 1071
 1072 1128 1129
 1073 1129 1130
 1131 1074 1130
 1075 1131 1132
 1132 1133 1125
 1133 1135 1134
 1136 1135 1184
 1077 1137 1138
 1139 1078 1138
 1140 1079 1139
 1141 1080 1140
 1142 1081 1141
 1142 1143 1082
 1143 1144 1083
 1084 1144 1145
 1145 1146 1085
 1146 1147 1086
 1147 1148 1087
 1149 1088 1148
 1150 1089 1149
 1151 1090 1150
 1152 1091 1151
 1152 1153 1092
 1153 1154 1093
 1155 1094 1154
 1095 1155 1156
 1156 1157 1096
 1158 1097 1157
 1099 1158 1159
 1100 1159 1160
 1161 1101 1160
 1162 1102 1161
 1162 1163 1103
 1104 1163 1164
 1105 1164 1165
 1106 1165 1166
 1107 1166 1167
 1108 1167 1168
 1169 1109 1168
 1170 1110 1169
 1171 1111 1170
 1112 1171 1172
 1173 1113 1172
 1174 1114 1173
 1175 1115 1174
 1116 1175 1176
 1117 1176 1177
 1178 1118 1177
 1179 1119 1178
 1179 1180 1120
 1181 1121 1180
 1182 1122 1181
 1182 1183 1123
 1126 1124 1183
 1126 1183 1127
 1127 1185 1128
 1129 1128 1186
 1129 1187 1130
 1130 1188 1131
 1189 1132 1131
 1132 1190 1133
 1133 1191 1135
 1135 1192 1184
 1138 1137 1193
 1139 1138 1194
 1195 1140 1139
 1196 1141 1140
 1197 1142 1141
 1143 1142 1198
 1199 1144 1143
 1145 1144 1200
 1201 1146 1145
 1202 1147 1146
 1203 1148 1147
 1148 1204 1149
 1149 1205 1150
 1150 1206 1151
 1207 1152 1151
 1208 1153 1152
 1154 1153 1209
 1155 1154 1210
 1156 1155 1211
 1157 1156 1212
 1158 1157 1159
 1159 1213 1160
 1160 1214 1161
 1162 1161 1215
 1162 1216 1163
 1163 1217 1164
 1164 1218 1165
 1166 1165 1219
 1167 1166 1220
 1221 1168 1167
 1168 1222 1169
 1169 1223 1170
 1171 1170 1224
 1225 1172 1171
 1226 1173 1172
 1174 1173 1227
 1228 1175 1174
 1229 1176 1175
 1230 1177 1176
 1231 1178 1177
 1178 1232 1179
 1233 1180 1179
 1234 1181 1180
 1235 1182 1181
 1185 1183 1182
 1127 1183 1185
 1186 1128 1185
 1129 1186 1187
 1130 1187 1188
 1188 1189 1131
 1132 1189 1190
 1133 1190 1191
 1135 1191 1192
 1194 1138 1193
 1194 1195 1139
 1195 1196 1140
 1196 1197 1141
 1198 1142 1197
 1198 1199 1143
 1200 1144 1199
 1145 1200 1201
 1202 1146 1201
 1203 1147 1202
 1204 1148 1203
 1204 1205 1149
 1205 1206 1150
 1206 1207 1151
 1208 1152 1207
 1209 1153 1208
 1210 1154 1209
 1211 1155 1210
 1212 1156 1211
 1213 1157 1212
 1159 1157 1213
 1213 1214 1160
 1214 1215 1161
 1162 1215 1216
 1216 1217 1163
 1164 1217 1218
 1219 1165 1218
 1220 1166 1219
 1220 1221 1167
 1168 1221 1222
 1169 1222 1223
 1224 1170 1223
 1171 1224 1225
 1226 1172 1225
 1227 1173 1226
 1174 1227 1228
 1229 1175 1228
 1230 1176 1229
 1231 1177 1230
 1232 1178 1231
 1232 1233 1179
 1234 1180 1233
 1235 1181 1234
 1185 1182 1235
 1185 1236 1186
 1186 1237 1187
 1187 1238 1188
 1188 1239 1189
 1189 1240 1190
 1190 1241 1191
 1191 1242 1192
 1243 1194 1193
 1195 1194 1244
 1245 1196 1195
 1197 1196 1246
 1197 1247 1198
 1198 1248 1199
 1199 1249 1200
 1201 1200 1250
 1202 1201 1251
 1203 1202 1252
 1204 1203 1253
 1254 1205 1204
 1255 1206 1205
 1256 1207 1206
 1207 1257 1208
 1258 1209 1208
 1259 1210 1209
 1260 1211 1210
 1261 1212 1211
 1212 1261 1213
 1261 1214 1213
 1214 1262 1215
 1216 1215 1263
 1217 1216 1264
 1218 1217 1265
 1218 1266 1219
 1219 1267 1220
 1220 1268 1221
 1269 1222 1221
 1270 1223 1222
 1271 1224 1223
 1272 1225 1224
 1226 1225 1273
 1227 1226 1274
 1275 1228 1227
 1229 1228 1276
 1277 1230 1229
 1278 1231 1230
 1279 1232 1231
 1280 1233 1232
 1281 1234 1233
 1282 1235 1234
 1185 1235 1236
 1186 1236 1237
 1187 1237 1238
 1188 1238 1239
 1189 1239 1240
 1190 1240 1241
 1191 1241 1242
 1192 1242 1283
 1244 1194 1243
 1244 1245 1195
 1246 1196 1245
 1197 1246 1247
 1198 1247 1248
 1199 1248 1249
 1250 1200 1249
 1201 1250 1251
 1202 1251 1252
 1203 1252 1253
 1204 1253 1254
 1255 1205 1254
 1256 1206 1255
 1257 1207 1256
 1257 1258 1208
 1258 1259 1209
 1259 1260 1210
 1260 1261 1211
 1262 1214 1261
 1262 1263 1215
 1216 1263 1264
 1265 1217 1264
 1218 1265 1266
 1219 1266 1267
 1220 1267 1268
 1268 1269 1221
 1269 1270 1222
 1270 1271 1223
 1271 1272 1224
 1273 1225 1272
 1226 1273 1274
 1227 1274 1275
 1276 1228 1275
 1229 1276 1277
 1278 1230 1277
 1279 1231 1278
 1280 1232 1279
 1281 1233 1280
 1282 1234 1281
 1236 1235 1282
 1237 1236 1284
 1237 1285 1238
 1238 1286 1239
 1239 1287 1240
 1240 1288 1241
 1241 1289 1242
 1283 1242 1290
 1244 1291 1245
 1245 1292 1246
 1293 1247 1246
 1294 1248 1247
 1248 1295 1249
 1249 1296 1250
 1251 1250 1297
 1298 1252 1251
 1299 1253 1252
 1300 1254 1253
 1301 1255 1254
 1255 1302 1256
 1303 1257 1256
 1304 1258 1257
 1305 1259 1258
 1260 1259 1306
 1261 1260 1307
 1261 1307 1262
 1262 1308 1263
 1264 1263 1309
 1264 1310 1265
 1266 1265 1311
 1312 1267 1266
 1267 1313 1268
 1268 1314 1269
 1269 1315 1270
 1270 1316 1271
 1317 1272 1271
 1272 1318 1273
 1274 1273 1319
 1275 1274 1320
 1275 1321 1276
 1276 1322 1277
 1278 1277 1323
 1324 1279 1278
 1325 1280 1279
 1281 1280 1326
 1327 1282 1281
 1284 1236 1282
 1237 1284 1285
 1238 1285 1286
 1239 1286 1287
 1240 1287 1288
 1241 1288 1289
 1290 1242 1289
 1290 1328 1283
 1245 1291 1292
 1292 1293 1246
 1293 1294 1247
 1248 1294 1295
 1249 1295 1296
 1296 1297 1250
 1251 1297 1298
 1299 1252 1298
 1300 1253 1299
 1301 1254 1300
 1302 1255 1301
 1302 1303 1256
 1304 1257 1303
 1305 1258 1304
 1306 1259 1305
 1260 1306 1307
 1307 1308 1262
 1308 1309 1263
 1264 1309 1310
 1311 1265 1310
 1311 1312 1266
 1267 1312 1313
 1268 1313 1314
 1269 1314 1315
 1270 1315 1316
 1316 1317 1271
 1272 1317 1318
 1318 1319 1273
 1274 1319 1320
 1275 1320 1321
 1321 1322 1276
 1322 1323 1277
 1278 1323 1324
 1325 1279 1324
 1326 1280 1325
 1281 1326 1327
 1284 1282 1327
 1284 1327 1285
 1285 1329 1286
 1287 1286 1330
 1288 1287 1331
 1332 1289 1288
 1333 1290 1289
 1328 1290 1334
 1335 1336 1328
 1293 1337 1294
 1294 1338 1295
 1295 1339 1296
 1296 1340 1297
 1298 1297 1341
 1299 1298 1342
 1300 1299 1343
 1301 1300 1344
 1345 1302 1301
 1303 1302 1346
 1347 1304 1303
 1348 1305 1304
 1306 1305 1349
 1306 1308 1307
 1308 1350 1309
 1351 1310 1309
 1311 1310 1352
 1311 1353 1312
 1312 1354 1313
 1355 1314 1313
 1356 1315 1314
 1357 1316 1315
 1358 1317 1316
 1317 1359 1318
 1318 1360 1319
 1320 1319 1361
 1321 1320 1362
 1321 1363 1322
 1322 1364 1323
 1324 1323 1365
 1324 1366 1325
 1326 1325 1367
 1329 1327 1326
 1285 1327 1329
 1330 1286 1329
 1331 1287 1330
 1331 1332 1288
 1332 1333 1289
 1334 1290 1333
 1334 1335 1328
 1368 1336 1335
 1294 1337 1338
 1295 1338 1339
 1339 1340 1296
 1340 1341 1297
 1298 1341 1342
 1299 1342 1343
 1300 1343 1344
 1301 1344 1345
 1346 1302 1345
 1303 1346 1347
 1348 1304 1347
 1349 1305 1348
 1350 1306 1349
 1308 1306 1350
 1350 1351 1309
 1352 1310 1351
 1311 1352 1353
 1312 1353 1354
 1354 1355 1313
 1355 1356 1314
 1356 1357 1315
 1357 1358 1316
 1317 1358 1359
 1359 1360 1318
 1360 1361 1319
 1320 1361 1362
 1321 1362 1363
 1363 1364 1322
 1364 1365 1323
 1324 1365 1366
 1366 1367 1325
 1326 1367 1329
 1369 1330 1329
 1370 1331 1330
 1332 1331 1371
 1372 1333 1332
 1334 1333 1373
 1334 1374 1335
 1375 1368 1335
 1338 1337 1376
 1339 1338 1377
 1340 1339 1378
 1379 1341 1340
 1380 1342 1341
 1342 1381 1343
 1343 1382 1344
 1345 1344 1383
 1384 1346 1345
 1346 1385 1347
 1348 1347 1386
 1349 1348 1387
 1387 1350 1349
 1351 1350 1387
 1351 1388 1352
 1389 1353 1352
 1353 1390 1354
 1391 1355 1354
 1392 1356 1355
 1357 1356 1393
 1357 1394 1358
 1358 1395 1359
 1359 1396 1360
 1360 1397 1361
 1362 1361 1398
 1363 1362 1399
 1363 1400 1364
 1365 1364 1401
 1402 1366 1365
 1367 1366 1403
 1367 1369 1329
 1369 1370 1330
 1371 1331 1370
 1371 1372 1332
 1373 1333 1372
 1334 1373 1374
 1374 1375 1335
 1404 1368 1375
 1377 1338 1376
 1339 1377 1378
 1340 1378 1379
 1380 1341 1379
 1381 1342 1380
 1381 1382 1343
 1382 1383 1344
 1345 1383 1384
 1385 1346 1384
 1385 1386 1347
 1348 1386 1387
 1351 1387 1388
 1388 1389 1352
 1353 1389 1390
 1390 1391 1354
 1391 1392 1355
 1393 1356 1392
 1357 1393 1394
 1358 1394 1395
 1359 1395 1396
 1396 1397 1360
 1397 1398 1361
 1362 1398 1399
 1363 1399 1400
 1400 1401 1364
 1365 1401 1402
 1403 1366 1402
 1367 1403 1369
 1405 1370 1369
 1406 1371 1370
 1372 1371 1407
 1408 1373 1372
 1374 1373 1409
 1374 1410 1375
 1411 1404 1375
 1412 1413 1404
 1377 1376 1414
 1378 1377 1415
 1416 1379 1378
 1417 1380 1379
 1381 1380 1418
 1419 1382 1381
 1383 1382 1420
 1383 1421 1384
 1385 1384 1422
 1423 1386 1385
 1387 1386 1424
 1387 1424 1388
 1388 1425 1389
 1426 1390 1389
 1391 1390 1427
 1391 1428 1392
 1392 1429 1393
 1393 1430 1394
 1394 1431 1395
 1395 1432 1396
 1397 1396 1433
 1398 1397 1434
 1399 1398 1435
 1399 1436 1400
 1401 1400 1437
 1402 1401 1438
 1402 1439 1403
 1403 1405 1369
 1405 1406 1370
 1407 1371 1406
 1407 1408 1372
 1409 1373 1408
 1374 1409 1410
 1410 1411 1375
 1411 1412 1404
 1440 1413 1412
 1415 1377 1414
 1378 1415 1416
 1417 1379 1416
 1418 1380 1417
 1381 1418 1419
 1420 1382 1419
 1383 1420 1421
 1421 1422 1384
 1385 1422 1423
 1424 1386 1423
 1388 1424 1425
 1425 1426 1389
 1427 1390 1426
 1391 1427 1428
 1392 1428 1429
 1393 1429 1430
 1394 1430 1431
 1395 1431 1432
 1432 1433 1396
 1397 1433 1434
 1398 1434 1435
 1399 1435 1436
 1436 1437 1400
 1401 1437 1438
 1402 1438 1439
 1439 1405 1403
 1406 1405 1439
 1441 1407 1406
 1408 1407 1442
 1443 1409 1408
 1444 1410 1409
 1410 1445 1411
 1411 1446 1412
 1412 1447 1440
 1415 1414 1448
 1416 1415 1449
 1416 1450 1417
 1451 1418 1417
 1419 1418 1452
 1453 1420 1419
 1421 1420 1454
 1421 1455 1422
 1422 1456 1423
 1424 1423 1425
 1426 1425 1456
 1427 1426 1457
 1427 1458 1428
 1428 1459 1429
 1460 1430 1429
 1430 1461 1431
 1432 1431 1462
 1463 1433 1432
 1464 1434 1433
 1465 1435 1434
 1435 1466 1436
 1437 1436 1467
 1468 1438 1437
 1439 1438 1441
 1439 1441 1406
 1442 1407 1441
 1442 1443 1408
 1443 1444 1409
 1410 1444 1445
 1411 1445 1446
 1412 1446 1447
 1469 1440 1447
 1448 1414 1470
 1449 1415 1448
 1416 1449 1450
 1450 1451 1417
 1452 1418 1451
 1419 1452 1453
 1454 1420 1453
 1421 1454 1455
 1455 1456 1422
 1456 1425 1423
 1457 1426 1456
 1427 1457 1458
 1428 1458 1459
 1459 1460 1429
 1430 1460 1461
 1462 1431 1461
 1432 1462 1463
 1464 1433 1463
 1465 1434 1464
 1466 1435 1465
 1466 1467 1436
 1437 1467 1468
 1441 1438 1468
 1441 1471 1442
 1472 1443 1442
 1444 1443 1473
 1444 1474 1445
 1446 1445 1475
 1476 1447 1446
 1447 1477 1469
 1478 1448 1470
 1479 1449 1448
 1450 1449 1480
 1451 1450 1481
 1482 1452 1451
 1453 1452 1483
 1454 1453 1484
 1485 1455 1454
 1486 1456 1455
 1457 1456 1486
 1457 1487 1458
 1459 1458 1488
 1489 1460 1459
 1490 1461 1460
 1491 1462 1461
 1462 1492 1463
 1463 1493 1464
 1494 1465 1464
 1495 1466 1465
 1496 1467 1466
 1468 1467 1497
 1441 1468 1471
 1471 1472 1442
 1473 1443 1472
 1444 1473 1474
 1475 1445 1474
 1475 1476 1446
 1447 1476 1477
 1477 1498 1469
 1478 1479 1448
 1480 1449 1479
 1450 1480 1481
 1451 1481 1482
 1483 1452 1482
 1453 1483 1484
 1454 1484 1485
 1486 1455 1485
 1457 1486 1487
 1488 1458 1487
 1488 1489 1459
 1489 1490 1460
 1490 1491 1461
 1462 1491 1492
 1492 1493 1463
 1493 1494 1464
 1495 1465 1494
 1496 1466 1495
 1497 1467 1496
 1468 1497 1471
 1497 1472 1471
 1472 1499 1473
 1500 1474 1473
 1474 1501 1475
 1475 1502 1476
 1476 1503 1477
 1477 1504 1498
 1505 1479 1478
 1480 1479 1506
 1507 1481 1480
 1481 1508 1482
 1482 1509 1483
 1484 1483 1510
 1484 1511 1485
 1485 1487 1486
 1511 1488 1487
 1512 1489 1488
 1489 1513 1490
 1491 1490 1514
 1491 1515 1492
 1516 1493 1492
 1494 1493 1517
 1494 1518 1495
 1519 1496 1495
 1499 1497 1496
 1472 1497 1499
 1499 1500 1473
 1474 1500 1501
 1475 1501 1502
 1476 1502 1503
 1477 1503 1504
 1506 1479 1505
 1480 1506 1507
 1508 1481 1507
 1508 1509 1482
 1509 1510 1483
 1484 1510 1511
 1485 1511 1487
 1511 1512 1488
 1489 1512 1513
 1514 1490 1513
 1491 1514 1515
 1516 1492 1515
 1517 1493 1516
 1494 1517 1518
 1518 1519 1495
 1499 1496 1519
 1500 1499 1520
 1500 1521 1501
 1502 1501 1522
 1503 1502 1523
 1504 1503 1524
 1507 1506 1525
 1507 1526 1508
 1509 1508 1527
 1509 1528 1510
 1529 1511 1510
 1512 1511 1529
 1513 1512 1530
 1531 1514 1513
 1515 1514 1532
 1533 1516 1515
 1516 1534 1517
 1535 1518 1517
 1519 1518 1536
 1520 1499 1519
 1500 1520 1521
 1522 1501 1521
 1523 1502 1522
 1524 1503 1523
 1507 1525 1526
 1526 1527 1508
 1509 1527 1528
 1528 1529 1510
 1530 1512 1529
 1530 1531 1513
 1532 1514 1531
 1532 1533 1515
 1533 1534 1516
 1534 1535 1517
 1536 1518 1535
 1519 1536 1520
 1520 1537 1521
 1522 1521 1538
 1523 1522 1539
 1524 1523 1540
 1525 1541 1526
 1526 1542 1527
 1527 1543 1528
 1528 1544 1529
 1544 1530 1529
 1545 1531 1530
 1532 1531 1546
 1547 1533 1532
 1533 1548 1534
 1534 1549 1535
 1550 1536 1535
 1520 1536 1537
 1538 1521 1537
 1539 1522 1538
 1540 1523 1539
 1541 1542 1526
 1542 1543 1527
 1543 1544 1528
 1544 1545 1530
 1546 1531 1545
 1546 1547 1532
 1533 1547 1548
 1548 1549 1534
 1549 1550 1535
 1537 1536 1550
 1550 1538 1537
 1551 1539 1538
 1540 1539 1552
 1541 1553 1542
 1554 1543 1542
 1544 1543 1545
 1546 1545 1555
 1547 1546 1556
 1547 1557 1548
 1548 1558 1549
 1549 1559 1550
 1559 1538 1550
 1559 1551 1538
 1552 1539 1551
 1553 1554 1542
 1555 1543 1554
 1555 1545 1543
 1556 1546 1555
 1547 1556 1557
 1557 1558 1548
 1558 1559 1549
 1559 1560 1551
 1560 1552 1551
 1561 1554 1553
 1555 1554 1561
 1555 1561 1556
 1557 1556 1562
 1563 1558 1557
 1559 1558 1560
 1552 1560 1564
 1562 1556 1561
 1562 1563 1557
 1560 1558 1563
 1564 1560 1565
 1563 1562 1566
 1565 1560 1563
 1566 1565 1563
 0
 66
 1565 1566 1564 1562 1561 1552 1553 1540 1541 1524 1525 1504 1506 1505 1498 1478 1469 1470 1440 1414 1413 1404 1376 1368 1337 1336 1293 1328 1292 1291 1283 1244 1243 1192 1193 1184 1137 1136 1134 1076 1125 1015 1016 1068 950 1007 941 940 810 873 735 800 725 657 577 576 564 563 478 403 390 389 218 297 32 202
