778 1448
0.000000 0.000000 0
0.087327 0.087323 1
0.000000 0.200000 0
0.164068 0.294556 1
0.000000 0.400000 0
0.175415 0.489017 1
0.000000 0.600000 0
0.175187 0.691607 1
0.000000 0.800000 0
0.175773 0.893440 1
0.000000 1.000000 0
0.175430 1.095728 1
0.000000 1.200000 0
0.174509 1.297629 1
0.000000 1.400000 0
0.173791 1.498816 1
0.000000 1.600000 0
0.173419 1.699468 1
0.000000 1.800000 0
0.173268 1.899793 1
0.000000 2.000000 0
0.173220 2.099933 1
0.000000 2.200000 0
0.173207 2.299983 1
0.000000 2.400000 0
0.173205 2.499997 1
0.000000 2.600000 0
0.173205 2.700000 1
0.000000 2.800000 0
6.200000 0.000000 0
6.400000 0.000000 0
6.300000 0.173205 1
6.000000 0.000000 0
6.100000 0.173205 1
5.800000 0.000000 0
5.900000 0.173205 1
5.600000 0.000000 0
5.700000 0.173205 1
5.400000 0.000000 0
5.500000 0.173205 1
5.200000 0.000000 0
5.300000 0.173205 1
5.000000 0.000000 0
5.100000 0.173205 1
4.800000 0.000000 0
4.900000 0.173205 1
4.600000 0.000000 0
4.700000 0.173205 1
4.400000 0.000000 0
4.500000 0.173205 1
4.200000 0.000000 0
4.300000 0.173205 1
4.000000 0.000000 0
4.100000 0.173205 1
3.800000 0.000000 0
3.900000 0.173205 1
3.600000 0.000000 0
3.700000 0.173205 1
3.400000 0.000000 0
3.500000 0.173205 1
3.200000 0.000000 0
3.300000 0.173205 1
3.000000 0.000000 0
3.100000 0.173205 1
2.800000 0.000000 0
2.900000 0.173205 1
2.600000 0.000000 0
2.700000 0.173205 1
2.400000 0.000000 0
2.499997 0.173206 1
2.200000 0.000000 0
2.299983 0.173208 1
2.000000 0.000000 0
2.099934 0.173219 1
1.800000 0.000000 0
1.899802 0.173259 1
1.600000 0.000000 0
1.699498 0.173389 1
1.400000 0.000000 0
1.498881 0.173726 1
1.200000 0.000000 0
1.297737 0.174401 1
1.000000 0.000000 0
1.095870 0.175288 1
0.800000 0.000000 0
0.893593 0.175620 1
0.600000 0.000000 0
0.691741 0.175052 1
0.400000 0.000000 0
0.489115 0.175317 1
0.200000 0.000000 0
0.294610 0.164014 1
0.149248 0.149227 1
0.173205 2.900000 2
6.500000 0.173205 2
0.364719 0.364563 1
0.348253 0.582570 1
0.351911 0.783551 1
0.352893 0.988529 1
0.350517 1.193471 1
0.348400 1.396510 1
0.347229 1.598247 1
0.346699 1.799212 1
0.346493 1.999698 1
0.346428 2.199904 1
0.346412 2.399976 1
0.346410 2.599996 1
0.346410 2.799999 1
6.400000 0.346410 1
6.200000 0.346410 1
6.000000 0.346410 1
5.800000 0.346410 1
5.600000 0.346410 1
5.400000 0.346410 1
5.200000 0.346410 1
5.000000 0.346410 1
4.800000 0.346410 1
4.600000 0.346410 1
4.400000 0.346410 1
4.200000 0.346410 1
4.000000 0.346410 1
3.800000 0.346410 1
3.600000 0.346410 1
3.400000 0.346410 1
3.200000 0.346410 1
3.000000 0.346410 1
2.799999 0.346411 1
2.599994 0.346412 1
2.399972 0.346417 1
2.199898 0.346434 1
1.999698 0.346494 1
1.799239 0.346673 1
1.598330 0.347146 1
1.396678 0.348232 1
1.193725 0.350263 1
0.988833 0.352589 1
0.783846 0.351615 1
0.582808 0.348015 1
0.346410 3.000000 2
6.600000 0.346410 2
0.497809 0.497512 1
0.524303 0.667888 1
0.535935 0.875688 1
0.529597 1.087411 1
0.524426 1.292970 1
0.521805 1.495965 1
0.520541 1.697896 1
0.519944 1.899053 1
0.519704 2.099636 1
0.519631 2.299881 1
0.519616 2.499967 1
0.519615 2.699993 1
0.519615 2.899999 1
6.500000 0.519615 1
6.300000 0.519615 1
6.100000 0.519615 1
5.900000 0.519615 1
5.700000 0.519615 1
5.500000 0.519615 1
5.300000 0.519615 1
5.100000 0.519615 1
4.900000 0.519615 1
4.700000 0.519615 1
4.500000 0.519615 1
4.300000 0.519615 1
4.100000 0.519615 1
3.900000 0.519615 1
3.700000 0.519615 1
3.500000 0.519615 1
3.300000 0.519615 1
3.100000 0.519615 1
2.899998 0.519616 1
2.699988 0.519620 1
2.499955 0.519628 1
2.299857 0.519655 1
2.099603 0.519737 1
1.899034 0.519963 1
1.697936 0.520501 1
1.496118 0.521652 1
1.293265 0.524131 1
1.087824 0.529184 1
0.876140 0.535483 1
0.668282 0.523908 1
0.519615 3.100000 2
6.700000 0.519615 2
0.743781 0.743251 1
0.714766 0.982336 1
0.701785 1.189739 1
0.697349 1.392592 1
0.695211 1.595436 1
0.693850 1.797657 1
0.693159 1.998944 1
0.692903 2.199569 1
0.692837 2.399840 1
0.692825 2.599946 1
0.692823 2.799984 1
0.692821 2.999996 2
6.600000 0.692820 1
6.400000 0.692820 1
6.200000 0.692820 1
6.000000 0.692820 1
5.800000 0.692820 1
5.600000 0.692820 1
5.400000 0.692820 1
5.200000 0.692820 1
5.000000 0.692820 1
4.800000 0.692820 1
4.600000 0.692820 1
4.400000 0.692820 1
4.200000 0.692820 1
4.000000 0.692820 1
3.800000 0.692820 1
3.600000 0.692820 1
3.400000 0.692820 1
3.199999 0.692821 1
2.999994 0.692823 1
2.799976 0.692830 1
2.599922 0.692849 1
2.399786 0.692890 1
2.199478 0.692994 1
1.998829 0.693274 1
1.797570 0.693937 1
1.595460 0.695187 1
1.392801 0.697140 1
1.190151 0.701374 1
0.982873 0.714229 1
6.800000 0.692821 2
0.904692 0.904113 1
0.875262 1.093654 1
0.872672 1.288373 1
0.871424 1.491271 1
0.868759 1.695209 1
0.867031 1.897566 1
0.866326 2.098787 1
0.866119 2.299415 1
0.866070 2.499735 1
0.866050 2.699891 1
0.866037 2.899961 1
6.700001 0.866026 2
6.500000 0.866025 1
6.300000 0.866025 1
6.100000 0.866025 1
5.900000 0.866025 1
5.700000 0.866025 1
5.500000 0.866025 1
5.300000 0.866025 1
5.100000 0.866025 1
4.900000 0.866025 1
4.700000 0.866025 1
4.500000 0.866025 1
4.300000 0.866025 1
4.100000 0.866025 1
3.900000 0.866025 1
3.700000 0.866025 1
3.500000 0.866025 1
3.299998 0.866026 1
3.099987 0.866030 1
2.899952 0.866046 1
2.699857 0.866084 1
2.499648 0.866157 1
2.299244 0.866290 1
2.098526 0.866586 1
1.897262 0.867335 1
1.694964 0.869005 1
1.491213 0.871483 1
1.288591 0.872455 1
1.094124 0.874793 1
0.866029 3.099989 2
1.018832 1.018379 1
1.041813 1.179793 1
1.051907 1.382795 1
1.045834 1.591803 1
1.041593 1.795566 1
1.040010 1.997238 1
1.039571 2.198299 1
1.039447 2.399035 1
1.039374 2.599509 1
1.039306 2.799782 1
1.039260 2.999919 1
6.600001 1.039232 1
6.400000 1.039231 1
6.200000 1.039230 1
6.000000 1.039230 1
5.800000 1.039230 1
5.600000 1.039230 1
5.400000 1.039230 1
5.200000 1.039230 1
5.000000 1.039230 1
4.800000 1.039230 1
4.600000 1.039230 1
4.400000 1.039230 1
4.200000 1.039230 1
4.000000 1.039230 1
3.800000 1.039230 1
3.599999 1.039230 1
3.399995 1.039232 1
3.199976 1.039239 1
2.999912 1.039267 1
2.799748 1.039341 1
2.599402 1.039480 1
2.398795 1.039687 1
2.197882 1.039987 1
1.996660 1.040587 1
1.794932 1.042226 1
1.591289 1.046349 1
1.382576 1.052126 1
1.179966 1.041640 1
1.039239 3.199976 2
6.800006 1.039240 2
1.255007 1.255433 1
1.227789 1.490121 1
1.216409 1.694494 1
1.213714 1.894848 1
1.213291 2.095873 1
1.213169 2.297191 1
1.213006 2.498325 1
1.212784 2.699132 1
1.212597 2.899615 1
1.212491 3.099857 2
6.700010 1.212448 2
6.500002 1.212437 1
6.300000 1.212436 1
6.100000 1.212436 1
5.900000 1.212436 1
5.700000 1.212436 1
5.500000 1.212436 1
5.300000 1.212436 1
5.100000 1.212436 1
4.900000 1.212436 1
4.700000 1.212436 1
4.500000 1.212436 1
4.300000 1.212436 1
4.100000 1.212436 1
3.900000 1.212436 1
3.699999 1.212436 1
3.499992 1.212437 1
3.299960 1.212447 1
3.099859 1.212489 1
2.899597 1.212616 1
2.699040 1.212877 1
2.498069 1.213261 1
2.296674 1.213685 1
2.095055 1.214109 1
1.893812 1.214750 1
1.693428 1.217475 1
1.489260 1.228650 1
1.413810 1.415033 1
1.386281 1.600956 1
1.385638 1.791814 1
1.387263 1.991152 1
1.387521 2.193173 1
1.387376 2.395406 1
1.386863 2.597319 1
1.386290 2.798646 1
1.385907 2.999408 1
6.600016 1.385652 2
6.400004 1.385642 1
6.200001 1.385641 1
6.000000 1.385641 1
5.800000 1.385641 1
5.600000 1.385641 1
5.400000 1.385641 1
5.200000 1.385641 1
5.000000 1.385641 1
4.800000 1.385641 1
4.600000 1.385641 1
4.400000 1.385641 1
4.200000 1.385641 1
4.000000 1.385641 1
3.799998 1.385641 1
3.599986 1.385643 1
3.399940 1.385655 1
3.199795 1.385710 1
2.999422 1.385893 1
2.798613 1.386324 1
2.597134 1.387048 1
2.394919 1.387862 1
2.192274 1.388420 1
1.989850 1.388565 1
1.790279 1.387172 1
1.599464 1.387774 1
1.385725 3.199780 2
1.526350 1.528089 1
1.549493 1.685172 1
1.562431 1.881507 1
1.562629 2.085799 1
1.563078 2.289425 1
1.562317 2.493238 1
1.560908 2.696254 1
1.559807 2.898145 1
1.559211 3.099183 1
6.500026 1.558854 1
6.300006 1.558847 1
6.100001 1.558846 1
5.900000 1.558846 1
5.700000 1.558846 1
5.500000 1.558846 1
5.300000 1.558846 1
5.100000 1.558846 1
4.900000 1.558846 1
4.700000 1.558846 1
4.500000 1.558846 1
4.300000 1.558846 1
4.099999 1.558846 1
3.899996 1.558846 1
3.699978 1.558849 1
3.499912 1.558864 1
3.299718 1.558932 1
3.099237 1.559158 1
2.898202 1.559751 1
2.696223 1.560940 1
2.492949 1.562607 1
2.288685 1.563819 1
2.084512 1.563916 1
1.879792 1.564146 1
1.683303 1.551363 1
1.558960 3.299690 2
6.700077 1.558892 2
1.753661 1.755524 1
1.736856 1.976105 1
1.740183 2.178912 1
1.740562 2.385413 1
1.737502 2.591534 1
1.734812 2.795401 1
1.733257 2.997668 1
1.732511 3.198942 1
6.600117 1.732074 2
6.400039 1.732053 1
6.200009 1.732050 1
6.000001 1.732051 1
5.800000 1.732051 1
5.600000 1.732051 1
5.400000 1.732051 1
5.200000 1.732051 1
5.000000 1.732051 1
4.800000 1.732051 1
4.600000 1.732051 1
4.400000 1.732051 1
4.199999 1.732051 1
3.999993 1.732051 1
3.799968 1.732056 1
3.599878 1.732077 1
3.399626 1.732161 1
3.199031 1.732421 1
2.997818 1.733107 1
2.795563 1.734651 1
2.591559 1.737477 1
2.385063 1.740912 1
2.177982 1.741112 1
1.974583 1.738378 1
1.732201 3.399587 2
1.888216 1.889735 1
1.914438 2.061578 1
1.925266 2.270957 1
1.917839 2.484147 1
1.911728 2.690839 1
1.908412 2.894665 1
1.906691 3.097172 1
1.905827 3.298693 1
6.500159 1.905246 2
6.300050 1.905247 1
6.100012 1.905253 1
5.900002 1.905255 1
5.700000 1.905256 1
5.500000 1.905256 1
5.300000 1.905256 1
5.100000 1.905256 1
4.900000 1.905256 1
4.700000 1.905256 1
4.500000 1.905256 1
4.299998 1.905256 1
4.099990 1.905257 1
3.899955 1.905264 1
3.699840 1.905293 1
3.499527 1.905400 1
3.298807 1.905713 1
3.097392 1.906471 1
2.894997 1.908081 1
2.691190 1.911376 1
2.484311 1.917675 1
2.270653 1.925570 1
2.060597 1.915418 1
1.905448 3.499480 2
2.135760 2.135899 1
2.104960 2.377002 1
2.090590 2.585908 1
2.085064 2.789966 1
2.082110 2.993779 1
2.080192 3.196719 1
2.079153 3.398481 1
6.400184 2.078403 2
6.200055 2.078435 1
6.000012 2.078453 1
5.800001 2.078460 1
5.600000 2.078461 1
5.400000 2.078461 1
5.200000 2.078461 1
5.000000 2.078461 1
4.800000 2.078461 1
4.600000 2.078461 1
4.399998 2.078462 1
4.199987 2.078465 1
3.999942 2.078475 1
3.799801 2.078515 1
3.599434 2.078646 1
3.398609 2.079026 1
3.196977 2.079934 1
2.994213 2.081675 1
2.790560 2.084471 1
2.586526 2.089971 1
2.377388 2.104573 1
2.078700 3.599380 2
2.297137 2.296457 1
2.266043 2.487662 1
2.262109 2.683799 1
2.259681 2.888058 1
2.256066 3.093198 1
2.253646 3.296485 1
2.252471 3.498326 1
2.251976 3.699291 1
2.078535 3.799781 2
2.251779 3.899743 1
2.078482 3.999936 2
6.300180 2.251543 2
6.100049 2.251621 1
5.900009 2.251655 1
5.700000 2.251665 1
5.500000 2.251666 1
5.300000 2.251666 1
5.100000 2.251666 1
4.900000 2.251666 1
4.700000 2.251666 1
4.499998 2.251667 1
4.299985 2.251673 1
4.099934 2.251692 1
3.899770 2.251751 1
3.699354 2.251912 1
3.498463 2.252333 1
3.296756 2.253375 1
3.093670 2.255594 1
2.888762 2.258976 1
2.684678 2.261230 1
2.488550 2.265155 1
2.251704 4.099922 2
2.411478 2.410436 1
2.433464 2.572872 1
2.442241 2.777406 1
2.434824 2.988160 1
2.429480 3.193494 1
2.426994 3.396388 1
2.425862 3.598193 1
2.425308 3.799222 1
2.425049 3.999711 1
6.200158 2.424684 2
6.000041 2.424814 2
5.800009 2.424862 1
5.600003 2.424872 1
5.400002 2.424872 1
5.200001 2.424871 1
5.000000 2.424871 1
4.799999 2.424871 1
4.599996 2.424873 1
4.399982 2.424882 1
4.199931 2.424911 1
3.999761 2.424999 1
3.799312 2.425218 1
3.598354 2.425700 1
3.396673 2.426709 1
3.193966 2.429008 1
2.988868 2.434115 1
2.778346 2.441301 1
2.573951 2.432385 1
2.424937 4.199905 2
2.648262 2.647236 1
2.619244 2.884385 1
2.606478 3.091104 1
2.602436 3.293624 1
2.600625 3.496181 1
2.599405 3.698123 1
2.598689 3.899182 1
2.598339 4.099661 1
5.900070 2.598031 2
5.700036 2.598082 1
5.500020 2.598085 1
5.300009 2.598080 1
5.100002 2.598078 1
4.899997 2.598078 1
4.699988 2.598081 1
4.499968 2.598094 1
4.299912 2.598133 1
4.099755 2.598246 1
3.899334 2.598537 1
3.698352 2.599176 1
3.496516 2.600291 1
3.294110 2.601950 1
3.091786 2.605796 1
2.885270 2.618359 1
2.598183 4.299863 2
2.808132 2.807213 1
2.779400 2.995999 1
2.777545 3.190280 1
2.776947 3.392756 1
2.774630 3.596229 1
2.772931 3.798154 1
2.772066 3.999056 1
2.771655 4.199502 2
5.800220 2.771300 2
5.600135 2.771328 1
5.400070 2.771310 1
5.200027 2.771293 1
4.999999 2.771287 1
4.799970 2.771295 1
4.599919 2.771318 1
4.399827 2.771373 1
4.199659 2.771497 1
3.999314 2.771808 1
3.798517 2.772568 1
3.596696 2.774163 1
3.393331 2.776373 1
3.190976 2.776849 1
2.996826 2.778574 1
2.922392 2.921528 1
2.946249 3.082691 1
2.957400 3.285266 1
2.952061 3.493652 1
2.948034 3.696757 1
2.946264 3.897863 1
2.945481 4.098550 1
5.700603 2.944670 1
5.500349 2.944624 1
5.300164 2.944554 1
5.100044 2.944515 1
4.899949 2.944519 1
4.699821 2.944566 1
4.499619 2.944663 1
4.299323 2.944820 1
4.098934 2.945094 1
3.898422 2.945704 1
3.697459 2.947331 1
3.494440 2.951274 1
3.286091 2.956575 1
3.083534 2.945406 1
2.945043 4.299105 2
5.900901 2.944539 2
3.160048 3.159053 1
3.134210 3.392973 1
3.123370 3.596509 1
3.120593 3.796051 1
3.119744 3.996455 1
3.119122 4.197420 1
5.802030 3.118254 2
5.601278 3.118198 1
5.400676 3.117987 1
5.200269 3.117822 1
4.999989 3.117771 1
4.799702 3.117842 1
4.599276 3.118035 1
4.398651 3.118316 1
4.197893 3.118627 1
3.997207 3.118982 1
3.797036 3.119605 1
3.597621 3.122257 1
3.394090 3.133093 1
3.118584 4.398415 2
3.320134 3.318774 1
3.293481 3.503857 1
3.292979 3.693779 1
3.294220 3.892272 1
3.293897 4.093745 1
3.293229 4.295729 1
5.703693 3.292384 1
5.502136 3.291913 1
5.301006 3.291391 1
5.100268 3.291113 1
4.899672 3.291137 1
4.698908 3.291465 1
4.497745 3.292047 1
4.296191 3.292655 1
4.094584 3.292998 1
3.893475 3.292995 1
3.695218 3.291535 1
3.505338 3.292000 1
3.292369 4.497565 2
5.905461 3.292304 2
3.433333 3.431665 1
3.456739 3.587969 1
3.469515 3.783359 1
3.469277 3.986945 1
3.469207 4.190248 1
3.468053 4.393979 1
5.808833 3.467701 2
5.605465 3.467008 1
5.402808 3.465672 1
5.201106 3.464736 1
4.999941 3.464459 1
4.798752 3.464832 1
4.596994 3.465860 1
4.394298 3.467295 1
4.191016 3.468174 1
3.988198 3.467917 1
3.784965 3.467881 1
3.589710 3.454995 1
3.466382 4.596951 2
3.660070 3.658274 1
3.643328 3.878004 1
3.646447 4.080515 1
3.646656 4.287077 1
3.643370 4.493326 1
3.640344 4.697091 1
3.465122 4.798721 2
5.711941 3.644645 2
5.506257 3.641587 1
5.302824 3.639053 1
5.100743 3.637913 1
4.899042 3.637994 1
4.696891 3.639292 1
4.493366 3.641963 1
4.287665 3.645133 1
4.081683 3.644882 1
3.879602 3.641633 1
3.638500 4.898977 2
3.794060 3.792303 1
3.820471 3.964051 1
3.831830 4.173845 1
3.824738 4.387755 1
3.818118 4.594825 1
3.813838 4.798208 1
5.611322 3.820980 2
5.405224 3.814687 1
5.202112 3.811705 1
4.999848 3.810969 1
4.797530 3.811940 1
4.594291 3.815134 1
4.388085 3.821581 1
4.175085 3.829355 1
3.965717 3.818590 1
3.811523 4.999689 2
4.042418 4.039702 1
4.013954 4.282567 1
3.999677 4.493560 1
3.991608 4.698021 1
3.986436 4.900120 2
5.506200 3.991862 2
5.303460 3.985818 1
5.101062 3.983914 1
4.898533 3.984063 1
4.696011 3.986255 1
4.493102 3.992536 1
4.284352 4.008356 1
4.208342 4.202204 1
4.182033 4.398869 1
4.173604 4.599751 1
4.162862 4.802161 1
5.403332 4.158935 3
5.202557 4.156714 1
4.999789 4.156389 1
4.796943 4.157049 1
4.595987 4.159571 1
4.400958 4.167648 1
4.158014 5.002370 3
4.331014 4.318569 1
4.371658 4.498763 1
4.339408 4.709141 1
4.332259 4.905314 2
5.304957 4.328632 2
5.101945 4.329381 1
4.897652 4.329564 1
4.694493 4.329161 1
4.496460 4.328167 1
4.496521 4.641739 1
4.503991 4.810073 2
5.206214 4.504466 2
4.999890 4.503228 1
4.793485 4.504927 1
4.588579 4.498978 1
4.682240 4.694730 2
5.100462 4.676728 2
4.899690 4.677087 2
 0 1 2
 2 3 4
 4 5 6
 6 7 8
 8 9 10
 10 11 12
 12 13 14
 14 15 16
 16 17 18
 18 19 20
 20 21 22
 22 23 24
 24 25 26
 26 27 28
 29 30 31
 32 29 33
 34 32 35
 36 34 37
 38 36 39
 40 38 41
 42 40 43
 44 42 45
 46 44 47
 48 46 49
 50 48 51
 52 50 53
 54 52 55
 56 54 57
 58 56 59
 60 58 61
 62 60 63
 64 62 65
 66 64 67
 68 66 69
 70 68 71
 72 70 73
 74 72 75
 76 74 77
 78 76 79
 80 78 81
 82 80 83
 84 82 85
 86 84 87
 88 86 89
 90 88 91
 0 90 1
 2 1 92
 4 3 5
 2 92 3
 6 5 7
 8 7 9
 10 9 11
 12 11 13
 14 13 15
 16 15 17
 18 17 19
 20 19 21
 22 21 23
 24 23 25
 26 25 27
 28 27 93
 30 94 31
 29 31 33
 32 33 35
 34 35 37
 36 37 39
 38 39 41
 40 41 43
 42 43 45
 44 45 47
 46 47 49
 48 49 51
 50 51 53
 52 53 55
 54 55 57
 56 57 59
 58 59 61
 60 61 63
 62 63 65
 64 65 67
 66 67 69
 68 69 71
 70 71 73
 72 73 75
 74 75 77
 76 77 79
 78 79 81
 80 81 83
 82 83 85
 84 85 87
 86 87 89
 88 89 91
 90 91 92
 1 90 92
 95 5 3
 92 91 3
 96 7 5
 97 9 7
 98 11 9
 99 13 11
 100 15 13
 101 17 15
 102 19 17
 103 21 19
 104 23 21
 105 25 23
 106 27 25
 107 93 27
 31 94 108
 33 31 109
 35 33 110
 37 35 111
 39 37 112
 41 39 113
 43 41 114
 45 43 115
 116 47 45
 117 49 47
 118 51 49
 119 53 51
 120 55 53
 57 55 121
 59 57 122
 61 59 123
 63 61 124
 65 63 125
 67 65 126
 69 67 127
 71 69 128
 73 71 129
 75 73 130
 77 75 131
 79 77 132
 81 79 133
 83 81 134
 85 83 135
 87 85 136
 87 137 89
 89 95 91
 91 95 3
 95 96 5
 96 97 7
 97 98 9
 98 99 11
 99 100 13
 100 101 15
 101 102 17
 102 103 19
 103 104 21
 104 105 23
 105 106 25
 106 107 27
 107 138 93
 94 139 108
 31 108 109
 33 109 110
 35 110 111
 37 111 112
 39 112 113
 41 113 114
 43 114 115
 45 115 116
 117 47 116
 118 49 117
 119 51 118
 120 53 119
 121 55 120
 57 121 122
 59 122 123
 61 123 124
 63 124 125
 65 125 126
 67 126 127
 69 127 128
 71 128 129
 73 129 130
 75 130 131
 77 131 132
 79 132 133
 81 133 134
 83 134 135
 85 135 136
 87 136 137
 137 95 89
 140 96 95
 141 97 96
 142 98 97
 143 99 98
 144 100 99
 145 101 100
 146 102 101
 147 103 102
 148 104 103
 149 105 104
 150 106 105
 151 107 106
 152 138 107
 108 139 153
 109 108 154
 110 109 155
 111 110 156
 112 111 157
 113 112 158
 114 113 159
 115 114 160
 115 161 116
 116 162 117
 117 163 118
 118 164 119
 119 165 120
 166 121 120
 167 122 121
 168 123 122
 124 123 169
 170 125 124
 126 125 171
 127 126 172
 128 127 173
 128 174 129
 130 129 175
 131 130 176
 132 131 177
 133 132 178
 134 133 179
 135 134 180
 135 181 136
 137 136 182
 137 140 95
 140 141 96
 141 142 97
 142 143 98
 143 144 99
 144 145 100
 145 146 101
 146 147 102
 147 148 103
 148 149 104
 149 150 105
 150 151 106
 151 152 107
 138 152 183
 139 184 153
 108 153 154
 109 154 155
 110 155 156
 111 156 157
 112 157 158
 113 158 159
 114 159 160
 115 160 161
 161 162 116
 162 163 117
 163 164 118
 164 165 119
 165 166 120
 167 121 166
 168 122 167
 169 123 168
 124 169 170
 171 125 170
 126 171 172
 127 172 173
 128 173 174
 174 175 129
 130 175 176
 131 176 177
 132 177 178
 133 178 179
 134 179 180
 135 180 181
 181 182 136
 137 182 140
 140 182 141
 185 142 141
 186 143 142
 187 144 143
 188 145 144
 146 145 189
 190 147 146
 191 148 147
 192 149 148
 193 150 149
 150 194 151
 151 195 152
 152 196 183
 153 184 197
 154 153 198
 155 154 199
 156 155 200
 156 201 157
 158 157 202
 159 158 203
 160 159 204
 161 160 205
 162 161 206
 163 162 207
 164 163 208
 165 164 209
 166 165 210
 166 211 167
 167 212 168
 168 213 169
 169 214 170
 215 171 170
 216 172 171
 217 173 172
 173 218 174
 175 174 219
 176 175 220
 177 176 221
 222 178 177
 179 178 223
 180 179 224
 180 225 181
 182 181 185
 182 185 141
 185 186 142
 186 187 143
 187 188 144
 189 145 188
 189 190 146
 190 191 147
 191 192 148
 192 193 149
 150 193 194
 151 194 195
 152 195 196
 184 226 197
 153 197 198
 154 198 199
 155 199 200
 156 200 201
 201 202 157
 158 202 203
 204 159 203
 160 204 205
 161 205 206
 162 206 207
 163 207 208
 164 208 209
 165 209 210
 166 210 211
 211 212 167
 212 213 168
 213 214 169
 214 215 170
 216 171 215
 217 172 216
 218 173 217
 218 219 174
 175 219 220
 176 220 221
 177 221 222
 223 178 222
 179 223 224
 180 224 225
 225 185 181
 227 186 185
 228 187 186
 229 188 187
 230 189 188
 231 190 189
 190 232 191
 191 233 192
 192 234 193
 194 193 235
 195 194 236
 196 195 237
 226 238 197
 198 197 239
 198 240 199
 200 199 241
 201 200 242
 202 201 243
 203 202 244
 203 245 204
 204 246 205
 205 247 206
 206 248 207
 207 249 208
 208 250 209
 251 210 209
 211 210 252
 211 253 212
 213 212 254
 214 213 255
 215 214 256
 215 257 216
 216 258 217
 217 259 218
 260 219 218
 261 220 219
 262 221 220
 222 221 263
 223 222 264
 224 223 265
 225 224 266
 225 227 185
 227 228 186
 228 229 187
 229 230 188
 230 231 189
 190 231 232
 191 232 233
 192 233 234
 235 193 234
 236 194 235
 237 195 236
 237 267 196
 238 239 197
 198 239 240
 240 241 199
 200 241 242
 201 242 243
 202 243 244
 203 244 245
 204 245 246
 246 247 205
 247 248 206
 248 249 207
 249 250 208
 250 251 209
 252 210 251
 211 252 253
 253 254 212
 213 254 255
 214 255 256
 215 256 257
 257 258 216
 258 259 217
 259 260 218
 261 219 260
 262 220 261
 263 221 262
 222 263 264
 223 264 265
 224 265 266
 225 266 227
 227 268 228
 269 229 228
 229 270 230
 230 271 231
 231 272 232
 233 232 273
 234 233 274
 275 235 234
 276 236 235
 237 236 277
 278 267 237
 239 238 279
 240 239 280
 240 281 241
 241 282 242
 243 242 283
 243 284 244
 245 244 285
 246 245 286
 246 287 247
 248 247 288
 248 289 249
 249 290 250
 250 291 251
 251 292 252
 252 293 253
 253 294 254
 254 295 255
 296 256 255
 257 256 297
 298 258 257
 259 258 299
 260 259 300
 260 301 261
 302 262 261
 303 263 262
 304 264 263
 265 264 305
 266 265 306
 227 266 268
 268 269 228
 229 269 270
 230 270 271
 231 271 272
 273 232 272
 274 233 273
 274 275 234
 275 276 235
 277 236 276
 277 278 237
 267 278 307
 238 308 279
 239 279 280
 240 280 281
 281 282 241
 282 283 242
 243 283 284
 285 244 284
 286 245 285
 246 286 287
 287 288 247
 248 288 289
 289 290 249
 290 291 250
 291 292 251
 292 293 252
 293 294 253
 294 295 254
 295 296 255
 297 256 296
 257 297 298
 299 258 298
 259 299 300
 260 300 301
 301 302 261
 303 262 302
 304 263 303
 305 264 304
 265 305 306
 266 306 268
 306 269 268
 269 309 270
 270 310 271
 272 271 311
 312 273 272
 273 313 274
 314 275 274
 275 315 276
 277 276 316
 278 277 317
 307 278 318
 279 308 319
 279 320 280
 280 321 281
 282 281 322
 283 282 323
 284 283 324
 284 325 285
 285 326 286
 327 287 286
 287 328 288
 288 329 289
 289 330 290
 331 291 290
 292 291 332
 293 292 333
 293 334 294
 294 335 295
 295 336 296
 296 337 297
 297 338 298
 298 339 299
 340 300 299
 301 300 341
 302 301 342
 303 302 343
 303 344 304
 305 304 345
 309 306 305
 269 306 309
 270 309 310
 311 271 310
 311 312 272
 273 312 313
 313 314 274
 275 314 315
 316 276 315
 317 277 316
 318 278 317
 279 319 320
 320 321 280
 321 322 281
 282 322 323
 283 323 324
 284 324 325
 285 325 326
 326 327 286
 328 287 327
 328 329 288
 329 330 289
 330 331 290
 332 291 331
 292 332 333
 293 333 334
 334 335 294
 335 336 295
 336 337 296
 337 338 297
 338 339 298
 339 340 299
 341 300 340
 301 341 342
 302 342 343
 303 343 344
 344 345 304
 305 345 309
 310 309 346
 347 311 310
 348 312 311
 312 349 313
 314 313 350
 315 314 351
 316 315 352
 317 316 353
 318 317 354
 320 319 355
 321 320 356
 322 321 357
 323 322 358
 323 359 324
 324 360 325
 325 361 326
 326 362 327
 327 363 328
 328 364 329
 330 329 365
 330 366 331
 331 367 332
 332 368 333
 333 369 334
 334 370 335
 371 336 335
 337 336 372
 337 373 338
 338 374 339
 339 375 340
 340 376 341
 341 377 342
 378 343 342
 344 343 379
 345 344 380
 346 309 345
 346 347 310
 347 348 311
 312 348 349
 350 313 349
 351 314 350
 352 315 351
 353 316 352
 354 317 353
 354 381 318
 320 355 356
 321 356 357
 322 357 358
 323 358 359
 324 359 360
 325 360 361
 326 361 362
 362 363 327
 363 364 328
 364 365 329
 330 365 366
 366 367 331
 367 368 332
 368 369 333
 369 370 334
 370 371 335
 372 336 371
 337 372 373
 373 374 338
 374 375 339
 375 376 340
 376 377 341
 377 378 342
 379 343 378
 344 379 380
 345 380 346
 346 382 347
 347 383 348
 349 348 384
 350 349 385
 351 350 386
 387 352 351
 352 388 353
 354 353 389
 381 354 390
 355 391 356
 356 392 357
 358 357 393
 359 358 394
 359 395 360
 360 396 361
 361 397 362
 363 362 398
 364 363 399
 365 364 400
 366 365 401
 402 367 366
 368 367 403
 368 404 369
 370 369 405
 370 406 371
 407 372 371
 372 408 373
 373 409 374
 410 375 374
 375 411 376
 376 412 377
 377 413 378
 414 379 378
 415 380 379
 346 380 382
 347 382 383
 384 348 383
 385 349 384
 386 350 385
 386 387 351
 352 387 388
 389 353 388
 390 354 389
 416 381 390
 355 417 391
 391 392 356
 392 393 357
 358 393 394
 359 394 395
 360 395 396
 361 396 397
 398 362 397
 399 363 398
 364 399 400
 365 400 401
 366 401 402
 403 367 402
 368 403 404
 404 405 369
 370 405 406
 406 407 371
 408 372 407
 408 409 373
 409 410 374
 411 375 410
 411 412 376
 412 413 377
 413 414 378
 415 379 414
 382 380 415
 382 415 383
 384 383 418
 385 384 419
 385 420 386
 387 386 421
 387 422 388
 389 388 423
 424 390 389
 416 390 425
 417 426 391
 391 427 392
 428 393 392
 393 429 394
 394 430 395
 396 395 431
 397 396 432
 398 397 433
 399 398 434
 435 400 399
 436 401 400
 437 402 401
 438 403 402
 403 439 404
 405 404 440
 406 405 441
 407 406 442
 407 443 408
 409 408 444
 409 445 410
 411 410 446
 411 447 412
 448 413 412
 449 414 413
 414 418 415
 418 383 415
 419 384 418
 385 419 420
 421 386 420
 387 421 422
 423 388 422
 423 424 389
 425 390 424
 425 450 416
 426 427 391
 427 428 392
 429 393 428
 394 429 430
 431 395 430
 432 396 431
 433 397 432
 434 398 433
 399 434 435
 436 400 435
 437 401 436
 438 402 437
 439 403 438
 439 440 404
 405 440 441
 406 441 442
 407 442 443
 443 444 408
 409 444 445
 445 446 410
 411 446 447
 447 448 412
 449 413 448
 418 414 449
 418 451 419
 420 419 452
 421 420 453
 454 422 421
 423 422 455
 456 424 423
 457 425 424
 450 425 458
 427 426 459
 428 427 460
 428 461 429
 430 429 462
 430 463 431
 431 464 432
 432 465 433
 434 433 466
 435 434 467
 468 436 435
 436 469 437
 438 437 470
 471 439 438
 472 440 439
 473 441 440
 474 442 441
 442 475 443
 444 443 476
 445 444 477
 445 478 446
 447 446 479
 480 448 447
 448 481 449
 418 449 451
 452 419 451
 453 420 452
 453 454 421
 455 422 454
 455 456 423
 456 457 424
 458 425 457
 450 458 482
 427 459 460
 428 460 461
 462 429 461
 430 462 463
 431 463 464
 432 464 465
 466 433 465
 434 466 467
 435 467 468
 469 436 468
 469 470 437
 438 470 471
 472 439 471
 473 440 472
 474 441 473
 475 442 474
 475 476 443
 444 476 477
 445 477 478
 478 479 446
 447 479 480
 481 448 480
 481 451 449
 451 481 452
 483 453 452
 484 454 453
 485 455 454
 456 455 486
 456 487 457
 457 488 458
 458 489 482
 459 490 460
 491 461 460
 462 461 492
 493 463 462
 464 463 494
 495 465 464
 466 465 496
 467 466 497
 468 467 498
 468 499 469
 500 470 469
 501 471 470
 472 471 502
 473 472 503
 474 473 504
 505 475 474
 506 476 475
 477 476 507
 477 508 478
 479 478 509
 479 510 480
 481 480 483
 481 483 452
 483 484 453
 484 485 454
 486 455 485
 456 486 487
 457 487 488
 458 488 489
 489 511 482
 490 491 460
 492 461 491
 492 493 462
 494 463 493
 494 495 464
 496 465 495
 497 466 496
 467 497 498
 468 498 499
 499 500 469
 501 470 500
 502 471 501
 472 502 503
 473 503 504
 474 504 505
 506 475 505
 507 476 506
 477 507 508
 508 509 478
 479 509 510
 510 483 480
 512 484 483
 485 484 513
 485 514 486
 486 515 487
 516 488 487
 517 489 488
 489 518 511
 511 519 520
 520 521 522
 490 523 491
 524 492 491
 525 493 492
 494 493 526
 494 527 495
 495 528 496
 496 529 497
 498 497 530
 498 531 499
 532 500 499
 533 501 500
 501 534 502
 502 535 503
 536 504 503
 537 505 504
 506 505 538
 507 506 539
 540 508 507
 541 509 508
 509 542 510
 510 512 483
 513 484 512
 485 513 514
 486 514 515
 515 516 487
 516 517 488
 489 517 518
 511 518 519
 520 519 521
 543 522 521
 523 524 491
 524 525 492
 526 493 525
 494 526 527
 495 527 528
 496 528 529
 529 530 497
 498 530 531
 531 532 499
 533 500 532
 534 501 533
 534 535 502
 535 536 503
 537 504 536
 538 505 537
 506 538 539
 507 539 540
 541 508 540
 542 509 541
 542 512 510
 544 513 512
 513 545 514
 546 515 514
 515 547 516
 516 548 517
 518 517 549
 518 550 519
 551 521 519
 552 543 521
 523 553 524
 524 554 525
 525 555 526
 526 556 527
 528 527 557
 529 528 558
 530 529 559
 560 531 530
 561 532 531
 562 533 532
 534 533 563
 535 534 564
 565 536 535
 566 537 536
 537 567 538
 568 539 538
 569 540 539
 540 570 541
 571 542 541
 542 544 512
 513 544 545
 545 546 514
 515 546 547
 516 547 548
 549 517 548
 518 549 550
 550 551 519
 551 552 521
 543 552 572
 524 553 554
 525 554 555
 526 555 556
 557 527 556
 558 528 557
 559 529 558
 530 559 560
 561 531 560
 562 532 561
 563 533 562
 534 563 564
 535 564 565
 566 536 565
 567 537 566
 567 568 538
 569 539 568
 570 540 569
 570 571 541
 544 542 571
 544 571 545
 545 573 546
 547 546 574
 547 575 548
 548 576 549
 577 550 549
 550 578 551
 551 579 552
 552 580 572
 555 554 581
 582 556 555
 556 583 557
 557 584 558
 559 558 585
 586 560 559
 587 561 560
 562 561 588
 589 563 562
 590 564 563
 591 565 564
 592 566 565
 566 593 567
 594 568 567
 595 569 568
 596 570 569
 573 571 570
 545 571 573
 574 546 573
 547 574 575
 548 575 576
 576 577 549
 550 577 578
 551 578 579
 552 579 580
 580 597 572
 581 582 555
 556 582 583
 557 583 584
 585 558 584
 559 585 586
 587 560 586
 588 561 587
 562 588 589
 590 563 589
 591 564 590
 592 565 591
 593 566 592
 593 594 567
 595 568 594
 596 569 595
 573 570 596
 573 598 574
 574 599 575
 575 600 576
 576 601 577
 577 602 578
 578 603 579
 579 604 580
 580 605 597
 581 606 582
 607 583 582
 608 584 583
 609 585 584
 610 586 585
 587 586 611
 588 587 612
 613 589 588
 590 589 614
 615 591 590
 616 592 591
 617 593 592
 618 594 593
 619 595 594
 620 596 595
 573 596 598
 574 598 599
 575 599 600
 576 600 601
 577 601 602
 578 602 603
 579 603 604
 580 604 605
 606 607 582
 607 608 583
 608 609 584
 609 610 585
 611 586 610
 587 611 612
 588 612 613
 614 589 613
 590 614 615
 616 591 615
 617 592 616
 618 593 617
 619 594 618
 620 595 619
 598 596 620
 599 598 621
 599 622 600
 600 623 601
 601 624 602
 602 625 603
 603 626 604
 605 604 627
 606 628 607
 607 629 608
 608 630 609
 631 610 609
 610 632 611
 612 611 633
 613 612 634
 613 635 614
 614 636 615
 616 615 637
 638 617 616
 639 618 617
 619 618 640
 641 620 619
 621 598 620
 599 621 622
 600 622 623
 601 623 624
 602 624 625
 603 625 626
 627 604 626
 627 642 605
 606 643 628
 607 628 629
 608 629 630
 630 631 609
 610 631 632
 632 633 611
 612 633 634
 613 634 635
 635 636 614
 636 637 615
 616 637 638
 639 617 638
 640 618 639
 619 640 641
 621 620 641
 621 641 622
 622 644 623
 624 623 645
 625 624 646
 647 626 625
 648 627 626
 642 627 649
 650 628 643
 651 629 628
 652 630 629
 653 631 630
 631 654 632
 632 655 633
 634 633 656
 635 634 657
 635 658 636
 636 659 637
 638 637 660
 638 661 639
 640 639 662
 644 641 640
 622 641 644
 645 623 644
 646 624 645
 646 647 625
 647 648 626
 649 627 648
 649 663 642
 650 651 628
 651 652 629
 652 653 630
 631 653 654
 654 655 632
 655 656 633
 634 656 657
 635 657 658
 658 659 636
 659 660 637
 638 660 661
 661 662 639
 640 662 644
 664 645 644
 665 646 645
 647 646 666
 667 648 647
 649 648 668
 649 669 663
 670 651 650
 652 651 671
 652 672 653
 653 673 654
 654 674 655
 655 675 656
 657 656 676
 658 657 677
 658 678 659
 660 659 679
 680 661 660
 662 661 681
 662 664 644
 664 665 645
 666 646 665
 666 667 647
 668 648 667
 649 668 669
 669 682 663
 683 670 650
 671 651 670
 652 671 672
 653 672 673
 654 673 674
 674 675 655
 675 676 656
 657 676 677
 658 677 678
 678 679 659
 660 679 680
 681 661 680
 662 681 664
 684 665 664
 685 666 665
 667 666 686
 687 668 667
 669 668 688
 669 689 682
 683 690 670
 670 691 671
 671 692 672
 672 693 673
 673 694 674
 675 674 695
 676 675 696
 677 676 697
 677 698 678
 679 678 699
 680 679 700
 680 701 681
 681 684 664
 684 685 665
 686 666 685
 686 687 667
 688 668 687
 669 688 689
 689 702 682
 670 690 691
 671 691 692
 672 692 693
 673 693 694
 694 695 674
 675 695 696
 676 696 697
 677 697 698
 698 699 678
 679 699 700
 680 700 701
 701 684 681
 685 684 701
 703 686 685
 687 686 704
 705 688 687
 706 689 688
 689 707 702
 702 708 709
 690 710 691
 711 692 691
 692 712 693
 694 693 713
 714 695 694
 715 696 695
 716 697 696
 697 717 698
 699 698 718
 719 700 699
 701 700 703
 701 703 685
 704 686 703
 704 705 687
 705 706 688
 689 706 707
 702 707 708
 709 708 720
 710 711 691
 692 711 712
 713 693 712
 694 713 714
 715 695 714
 716 696 715
 717 697 716
 717 718 698
 699 718 719
 703 700 719
 703 721 704
 722 705 704
 706 705 723
 706 724 707
 708 707 725
 726 720 708
 727 711 710
 728 712 711
 729 713 712
 713 730 714
 714 731 715
 732 716 715
 733 717 716
 734 718 717
 719 718 735
 703 719 721
 721 722 704
 723 705 722
 706 723 724
 725 707 724
 725 726 708
 720 726 736
 727 728 711
 728 729 712
 713 729 730
 730 731 714
 731 732 715
 733 716 732
 734 717 733
 735 718 734
 719 735 721
 735 722 721
 722 737 723
 738 724 723
 724 739 725
 725 740 726
 726 741 736
 727 742 728
 729 728 743
 729 744 730
 745 731 730
 732 731 746
 732 747 733
 748 734 733
 737 735 734
 722 735 737
 737 738 723
 724 738 739
 725 739 740
 726 740 741
 743 728 742
 729 743 744
 745 730 744
 746 731 745
 732 746 747
 747 748 733
 737 734 748
 738 737 749
 738 750 739
 740 739 751
 741 740 752
 753 743 742
 744 743 754
 755 745 744
 745 756 746
 757 747 746
 748 747 758
 749 737 748
 738 749 750
 751 739 750
 752 740 751
 759 741 752
 754 743 753
 754 755 744
 755 756 745
 756 757 746
 758 747 757
 748 758 749
 749 760 750
 751 750 761
 752 751 762
 759 752 763
 754 753 764
 765 755 754
 755 766 756
 756 767 757
 768 758 757
 749 758 760
 761 750 760
 762 751 761
 763 752 762
 764 765 754
 755 765 766
 766 767 756
 767 768 757
 760 758 768
 768 761 760
 769 762 761
 763 762 770
 765 764 771
 765 772 766
 766 773 767
 767 774 768
 774 761 768
 774 769 761
 770 762 769
 765 771 772
 772 773 766
 773 774 767
 774 775 769
 775 770 769
 772 771 776
 777 773 772
 774 773 775
 776 777 772
 775 773 777
 0
 27
 759 741 736 720 709 702 682 663 642 605 597 572 543 522 520 511 482 450 416 381 318 307 267 196 183 138 93
 25
 753 742 727 710 690 683 650 643 606 581 554 553 523 490 459 426 417 355 319 308 238 226 184 139 94
 9
 777 776 775 770 771 763 764 759 753
