778 1436
4.400000 10.000000 0
4.500000 9.826795 1
4.600000 10.000000 0
4.700000 9.826795 1
4.800000 10.000000 0
4.900000 9.826795 1
5.000000 10.000000 0
5.200000 10.000000 0
5.100000 9.826795 1
5.300000 9.826795 1
5.400000 10.000000 0
5.500000 9.826795 1
5.600000 10.000000 0
5.700000 9.826795 1
5.800000 10.000000 0
5.900000 9.826795 1
6.000000 10.000000 0
6.100000 9.826795 1
6.200000 10.000000 0
6.300000 9.826795 1
6.400000 10.000000 0
6.500000 9.826795 1
6.600000 10.000000 0
6.700000 9.826795 1
6.800000 10.000000 0
6.900000 9.826795 1
7.000000 10.000000 0
7.100000 9.826795 1
7.200000 10.000000 0
7.300000 9.826795 1
7.400000 10.000000 0
7.500000 9.826796 1
7.600000 10.000000 0
7.700002 9.826799 1
7.800000 10.000000 0
7.900011 9.826811 1
8.000000 10.000000 0
8.100041 9.826840 1
8.200000 10.000000 0
8.300128 9.826893 1
8.400000 10.000000 0
8.500334 9.826964 1
8.600000 10.000000 0
8.700749 9.827041 1
8.800000 10.000000 0
8.901427 9.827153 1
9.000000 10.000000 0
9.102324 9.827316 1
9.200000 10.000000 0
9.303625 9.827213 1
9.400000 10.000000 0
9.507698 9.826240 1
9.600000 10.000000 0
9.707205 9.840112 1
9.800000 10.000000 0
9.868964 9.869840 1
10.000000 10.000000 0
10.000000 9.800000 0
9.837681 9.709203 1
10.000000 9.600000 0
9.820952 9.509867 1
10.000000 9.400000 0
9.820171 9.304181 1
10.000000 9.200000 0
9.821795 9.101304 1
10.000000 9.000000 0
9.824164 8.900148 1
10.000000 8.800000 0
9.825560 8.699957 1
10.000000 8.600000 0
9.826258 8.499968 1
10.000000 8.400000 0
9.826588 8.299988 1
10.000000 8.200000 0
9.826729 8.099998 1
10.000000 8.000000 0
9.826778 7.900001 1
10.000000 7.800000 0
9.826792 7.700001 1
10.000000 7.600000 0
9.826795 7.500000 1
10.000000 7.400000 0
9.826795 7.300000 1
10.000000 7.200000 0
9.826795 7.100000 2
10.000000 7.000000 0
4.300000 9.826795 2
4.400000 9.653590 1
4.600000 9.653590 1
4.800000 9.653590 1
5.000000 9.653590 1
5.200000 9.653590 1
5.400000 9.653590 1
5.600000 9.653590 1
5.800000 9.653590 1
6.000000 9.653590 1
6.200000 9.653590 1
6.400000 9.653590 1
6.600000 9.653590 1
6.800000 9.653590 1
7.000000 9.653590 1
7.200000 9.653590 1
7.400001 9.653591 1
7.600004 9.653597 1
7.800018 9.653618 1
8.000062 9.653674 1
8.200181 9.653785 1
8.400465 9.653945 1
8.601070 9.654096 1
8.802207 9.654192 1
9.003881 9.654489 1
9.205553 9.655162 1
9.406587 9.654738 1
9.629012 9.635622 1
9.638646 9.410381 1
9.639001 9.203550 1
9.646443 8.999763 1
9.650084 8.799567 1
9.651889 8.599755 1
9.652842 8.399879 1
9.653315 8.199951 1
9.653508 7.999991 1
9.653569 7.800005 1
9.653584 7.600005 1
9.653588 7.400002 1
9.653589 7.200001 2
4.200000 9.653590 2
4.300000 9.480385 1
4.500000 9.480385 1
4.700000 9.480385 1
4.900000 9.480385 1
5.100000 9.480385 1
5.300000 9.480385 1
5.500000 9.480385 1
5.700000 9.480385 1
5.900000 9.480385 1
6.100000 9.480385 1
6.300000 9.480385 1
6.500000 9.480385 1
6.700000 9.480385 1
6.900000 9.480385 1
7.100000 9.480385 1
7.300002 9.480387 1
7.500010 9.480394 1
7.700032 9.480425 1
7.900091 9.480510 1
8.100234 9.480691 1
8.300544 9.480989 1
8.501161 9.481326 1
8.702361 9.481443 1
8.904716 9.481133 1
9.107935 9.482063 1
9.309589 9.485273 1
9.484353 9.499175 1
9.437746 9.309972 1
9.467803 9.095390 1
9.473907 8.897997 1
9.476659 8.699073 1
9.478454 8.499472 1
9.479591 8.299726 1
9.480122 8.099918 1
9.480307 7.900009 1
9.480357 7.700027 1
9.480372 7.500017 1
9.480380 7.300006 1
4.100000 9.480385 2
9.480384 7.100001 2
4.200000 9.307179 2
4.400000 9.307179 1
4.600000 9.307179 1
4.800000 9.307179 1
5.000000 9.307179 1
5.200000 9.307179 1
5.400000 9.307179 1
5.600000 9.307179 1
5.800000 9.307179 1
6.000000 9.307179 1
6.200000 9.307179 1
6.400000 9.307179 1
6.600000 9.307179 1
6.800000 9.307179 1
7.000001 9.307179 1
7.200006 9.307181 1
7.400021 9.307189 1
7.600062 9.307224 1
7.800154 9.307332 1
8.000341 9.307586 1
8.200694 9.308045 1
8.401299 9.308702 1
8.602229 9.309296 1
8.803866 9.308906 1
9.008959 9.305711 1
9.215408 9.310452 1
9.308238 9.165133 1
9.299490 8.995043 1
9.300645 8.797984 1
9.302873 8.598524 1
9.305339 8.398994 1
9.306558 8.199627 1
9.306973 8.000001 1
9.307079 7.800108 1
9.307117 7.600085 1
9.307146 7.400040 1
9.307167 7.200013 2
4.300000 9.133975 2
4.500000 9.133975 1
4.700000 9.133975 1
4.900000 9.133975 1
5.100000 9.133975 1
5.300000 9.133975 1
5.500000 9.133975 1
5.700000 9.133975 1
5.900000 9.133975 1
6.100000 9.133975 1
6.300000 9.133975 1
6.500000 9.133975 1
6.700000 9.133975 1
6.900002 9.133974 1
7.100012 9.133974 1
7.300042 9.133979 1
7.500120 9.134007 1
7.700280 9.134119 1
7.900562 9.134421 1
8.101011 9.135026 1
8.301710 9.135969 1
8.502620 9.137278 1
8.703229 9.138531 1
8.902556 9.137239 1
9.119493 9.113961 1
9.124815 8.898394 1
9.123980 8.697309 1
9.130386 8.496932 1
9.132958 8.298738 1
9.133646 8.099950 1
9.133716 7.900363 1
9.133734 7.700330 1
9.133811 7.500182 1
9.133895 7.300073 1
9.133947 7.100021 2
4.400000 8.960770 1
4.600000 8.960770 1
4.800000 8.960770 1
5.000000 8.960770 1
5.200000 8.960770 1
5.400000 8.960770 1
5.600000 8.960770 1
5.800000 8.960770 1
6.000000 8.960770 1
6.200000 8.960770 1
6.400000 8.960770 1
6.600000 8.960770 1
6.800004 8.960769 1
7.000021 8.960766 1
7.200076 8.960763 1
7.400211 8.960773 1
7.600489 8.960849 1
7.800964 8.961123 1
8.001632 8.961826 1
8.202454 8.963049 1
8.403683 8.964512 1
8.604980 8.967175 1
8.804062 8.971238 1
8.975871 8.984391 1
8.927944 8.800052 1
8.955792 8.590317 1
8.960268 8.396417 1
8.960816 8.199830 1
8.960321 8.001071 1
8.960053 7.801050 1
8.960171 7.600637 1
8.960424 7.400289 1
8.960624 7.200102 1
4.200000 8.960770 2
8.960724 7.000029 2
4.300000 8.787564 1
4.500000 8.787564 1
4.700000 8.787564 1
4.900000 8.787564 1
5.100000 8.787564 1
5.300000 8.787564 1
5.500000 8.787564 1
5.700000 8.787564 1
5.900000 8.787564 1
6.100000 8.787564 1
6.300000 8.787564 1
6.500001 8.787563 1
6.700006 8.787560 1
6.900033 8.787551 1
7.100119 8.787532 1
7.300333 8.787510 1
7.500772 8.787518 1
7.701538 8.787665 1
7.902682 8.788234 1
8.103920 8.789767 1
8.304799 8.791993 1
8.507434 8.792245 1
8.710189 8.799296 1
8.800416 8.657840 1
8.791305 8.492050 1
8.790014 8.299849 1
8.787310 8.102899 1
8.785805 7.902880 1
8.785787 7.701822 1
8.786403 7.500889 1
8.787004 7.300355 1
8.787356 7.100121 2
4.100000 8.787564 2
3.700000 8.787564 2
3.800000 8.614359 1
3.900000 8.787564 2
4.000000 8.614359 1
4.200000 8.614359 1
4.400000 8.614359 1
4.600000 8.614359 1
4.800000 8.614359 1
5.000000 8.614359 1
5.200000 8.614359 1
5.400000 8.614359 1
5.600000 8.614359 1
5.800000 8.614359 1
6.000000 8.614359 1
6.200000 8.614359 1
6.400001 8.614357 1
6.600008 8.614349 1
6.800041 8.614325 1
7.000158 8.614272 1
7.200464 8.614189 1
7.401100 8.614105 1
7.602202 8.614091 1
7.803920 8.614282 1
8.006411 8.615168 1
8.208127 8.619066 1
8.405689 8.624035 1
8.617222 8.606673 1
8.624592 8.400598 1
8.616014 8.207366 1
8.610533 8.007153 1
8.609851 7.804448 1
8.611132 7.602213 1
8.612662 7.400936 1
8.613657 7.200366 1
3.599998 8.614357 2
8.614130 7.000137 2
3.699999 8.441151 1
3.900000 8.441154 1
4.100000 8.441154 1
4.300000 8.441154 1
4.500000 8.441154 1
4.700000 8.441154 1
4.900000 8.441154 1
5.100000 8.441154 1
5.300000 8.441154 1
5.500000 8.441154 1
5.700000 8.441154 1
5.900000 8.441154 1
6.100000 8.441154 1
6.300001 8.441152 1
6.500006 8.441138 1
6.700037 8.441092 1
6.900167 8.440974 1
7.100551 8.440766 1
7.301406 8.440505 1
7.502907 8.440312 1
7.705102 8.440290 1
7.908232 8.440257 1
8.114511 8.439873 1
8.316344 8.454264 1
8.482716 8.480515 1
8.451464 8.317411 1
8.432551 8.117146 1
8.430984 7.909530 1
8.433331 7.704561 1
8.436935 7.501875 1
8.439303 7.300807 1
8.440486 7.100379 2
3.499990 8.441135 2
3.600001 8.267923 2
3.800002 8.267944 1
4.000000 8.267949 1
4.200000 8.267949 1
4.400000 8.267949 1
4.600000 8.267949 1
4.800000 8.267949 1
5.000000 8.267949 1
5.200000 8.267949 1
5.400000 8.267949 1
5.600000 8.267949 1
5.800000 8.267949 1
6.000000 8.267950 1
6.200001 8.267948 1
6.400003 8.267935 1
6.600019 8.267870 1
6.800119 8.267676 1
7.000500 8.267258 1
7.201506 8.266623 1
7.403491 8.265994 1
7.606437 8.265835 1
7.809722 8.266250 1
8.012724 8.265565 1
8.238058 8.245457 1
8.248485 8.017168 1
8.250033 7.808044 1
8.259111 7.602485 1
8.264059 7.401207 1
8.266472 7.200780 2
3.700018 8.094711 2
3.900006 8.094737 1
4.100001 8.094743 1
4.300000 8.094744 1
4.500000 8.094744 1
4.700000 8.094744 1
4.900000 8.094744 1
5.100000 8.094744 1
5.300000 8.094744 1
5.500000 8.094744 1
5.700000 8.094745 1
5.900001 8.094746 1
6.100003 8.094748 1
6.300003 8.094746 1
6.499997 8.094692 1
6.700018 8.094465 1
6.900240 8.093843 1
7.101136 8.092621 1
7.303385 8.091028 1
7.507507 8.089787 1
7.712632 8.090658 1
7.916001 8.093883 1
8.092253 8.107602 1
8.047065 7.915984 1
8.079967 7.699140 1
8.088432 7.500603 1
8.092319 7.301176 1
8.093918 7.101106 2
3.800045 7.921496 2
4.000014 7.921528 1
4.200003 7.921536 1
4.400000 7.921538 1
4.600000 7.921539 1
4.800000 7.921539 1
5.000000 7.921539 1
5.200000 7.921539 1
5.400000 7.921539 1
5.600000 7.921539 1
5.800000 7.921542 1
6.000003 7.921551 1
6.200006 7.921570 1
6.399990 7.921570 1
6.599923 7.921422 1
6.799852 7.920802 1
7.000161 7.919147 1
7.201972 7.915965 1
7.406426 7.912672 1
7.615009 7.909873 1
7.823510 7.916173 1
7.919465 7.769210 1
7.914666 7.598018 1
7.919014 7.401294 1
7.920671 7.202161 1
7.921124 7.001723 2
3.900084 7.748278 2
4.100024 7.748317 1
4.300004 7.748328 1
4.500000 7.748332 1
4.700000 7.748333 1
4.900000 7.748334 1
5.100000 7.748334 1
5.300000 7.748334 1
5.500000 7.748334 1
5.699999 7.748337 1
5.900002 7.748352 1
6.100009 7.748398 1
6.300004 7.748482 1
6.499908 7.748530 1
6.699587 7.748238 1
6.899025 7.746879 1
7.098901 7.743095 1
7.302651 7.734631 1
7.509539 7.731553 1
7.732167 7.715353 1
7.748335 7.501046 1
7.748656 7.303959 1
7.747915 7.103678 1
7.747567 6.902187 1
7.921262 6.800952 2
7.747691 6.700889 2
4.000111 7.575061 1
4.200021 7.575100 1
4.399998 7.575116 1
4.599997 7.575124 1
4.799999 7.575128 1
5.000000 7.575129 1
5.200000 7.575129 1
5.400000 7.575129 1
5.599999 7.575131 1
5.800000 7.575148 1
6.000010 7.575214 1
6.200029 7.575380 1
6.399985 7.575666 1
6.599641 7.575929 1
6.798581 7.575597 1
6.996397 7.573352 1
7.192815 7.566543 1
7.406449 7.535078 1
7.595268 7.578503 1
7.579806 7.407219 1
7.575139 7.207515 1
7.573007 7.004591 1
7.573136 6.801752 1
3.800338 7.574939 2
7.573880 6.600250 2
3.900374 7.401756 1
4.100068 7.401834 1
4.299983 7.401870 1
4.499979 7.401898 1
4.699991 7.401915 1
4.899998 7.401922 1
5.100000 7.401924 1
5.300002 7.401923 1
5.500004 7.401923 1
5.700010 7.401937 1
5.900026 7.402008 1
6.100066 7.402225 1
6.300113 7.402696 1
6.499981 7.403486 1
6.699100 7.404406 1
6.896491 7.404594 1
7.091061 7.402380 1
7.260177 7.408800 1
7.404015 7.315458 1
7.395728 7.109600 1
7.396633 6.902971 1
7.398360 6.699879 1
3.701054 7.401469 2
7.400393 6.499015 2
3.502099 7.400577 2
3.602723 7.228052 1
3.800975 7.228528 1
4.000141 7.228550 1
4.199892 7.228564 1
4.399891 7.228621 1
4.599943 7.228674 1
4.799980 7.228704 1
4.999997 7.228715 1
5.200007 7.228717 1
5.400022 7.228714 1
5.600050 7.228718 1
5.800099 7.228773 1
6.000179 7.228998 1
6.200305 7.229566 1
6.400444 7.230638 1
6.600226 7.232457 1
6.798473 7.234999 1
6.993329 7.236845 1
7.204820 7.223364 1
7.218233 7.003456 1
7.218993 6.798610 1
7.225412 6.596582 1
3.405137 7.225986 2
7.227750 6.397942 2
3.506199 7.055682 2
3.702053 7.055967 1
3.900093 7.055463 1
4.099527 7.055203 1
4.299567 7.055236 1
4.499747 7.055355 1
4.699891 7.055447 1
4.899968 7.055492 1
5.100009 7.055508 1
5.300053 7.055508 1
5.500133 7.055498 1
5.700271 7.055514 1
5.900481 7.055684 1
6.100739 7.056276 1
6.301001 7.057511 1
6.501451 7.059349 1
6.701508 7.063075 1
6.898578 7.069412 1
7.067957 7.086519 1
7.022577 6.899694 1
7.050794 6.688996 1
7.055077 6.494744 1
7.228303 6.199261 2
7.055428 6.298376 1
7.054894 6.100076 1
7.228359 5.999932 2
7.054683 5.900492 2
3.603405 6.885714 2
3.799394 6.883211 1
3.998385 6.881881 1
4.198628 6.881684 1
4.399142 6.881866 1
4.599571 6.882074 1
4.799835 6.882210 1
4.999977 6.882277 1
5.200088 6.882298 1
5.400254 6.882287 1
5.600543 6.882260 1
5.801002 6.882306 1
6.001642 6.882720 1
6.202217 6.884153 1
6.402333 6.886526 1
6.604114 6.887469 1
6.805897 6.896061 1
6.895675 6.755200 1
6.886317 6.589180 1
6.884709 6.397314 1
6.881883 6.201017 1
6.880410 6.001700 1
6.880466 5.801201 2
3.696660 6.713190 1
3.895375 6.708621 1
4.096443 6.707893 1
4.297658 6.708089 1
4.498693 6.708449 1
4.699407 6.708754 1
4.899822 6.708954 1
5.100086 6.709057 1
5.300387 6.709079 1
5.500879 6.709036 1
5.701659 6.708968 1
5.902831 6.709016 1
6.104554 6.709742 1
6.305386 6.713605 1
6.502120 6.718897 1
6.712865 6.702562 1
6.719636 6.496871 1
6.710800 6.304371 1
6.705265 6.105090 1
6.704589 5.903231 1
3.504291 6.721057 2
6.705859 5.701594 2
3.588941 6.549791 2
3.787873 6.533646 1
3.992395 6.533657 1
4.194744 6.533955 1
4.396751 6.534371 1
4.598332 6.534884 1
4.799354 6.535357 1
4.999966 6.535686 1
5.200480 6.535843 1
5.401215 6.535832 1
5.602376 6.535713 1
5.804008 6.535583 1
6.006344 6.535356 1
6.211658 6.534869 1
6.412555 6.549319 1
6.578311 6.575870 1
6.546807 6.413328 1
6.527711 6.214071 1
6.525961 6.007545 1
6.528104 5.803442 1
6.531502 5.601285 2
3.664689 6.340184 2
3.888225 6.359203 2
4.090245 6.359823 1
4.293159 6.359688 1
4.496118 6.360181 1
4.698299 6.361084 1
4.899611 6.361925 1
5.100480 6.362470 1
5.301454 6.362638 1
5.503009 6.362456 1
5.705275 6.362261 1
5.907762 6.362350 1
6.109875 6.361391 1
6.334133 6.341391 1
6.344007 6.114423 1
6.344969 5.906408 1
6.353383 5.701550 2
3.984338 6.187819 2
4.187131 6.184612 1
4.392108 6.183928 1
4.596367 6.185392 1
4.798958 6.187218 1
5.000427 6.188671 1
5.201601 6.189420 1
5.403275 6.189375 1
5.606243 6.188517 1
5.810252 6.188671 1
6.012845 6.191037 1
6.188544 6.204307 1
6.142501 6.014085 1
6.173831 5.798148 1
6.180956 5.599769 2
4.076795 6.010706 2
4.284914 6.004316 1
4.493441 6.007114 1
4.698170 6.010512 1
4.900598 6.013912 1
5.101937 6.015899 1
5.303375 6.016687 1
5.505675 6.015846 1
5.711651 6.011814 1
5.919065 6.015594 1
6.013193 5.868949 1
6.005376 5.697934 1
6.007524 5.499849 2
4.155569 5.202445 1
3.982996 5.300550 2
3.983922 5.100821 2
4.153769 5.401451 1
3.983646 5.498712 2
3.987065 5.694353 2
4.153236 5.597424 1
3.981576 5.864599 2
4.168516 5.810633 1
4.390712 5.826420 1
4.597642 5.829285 1
4.801918 5.837666 1
5.002956 5.841684 1
5.204089 5.843764 1
5.405334 5.844797 1
5.605592 5.842818 1
5.823790 5.818390 1
5.830368 5.601433 1
4.158014 5.002370 3
5.830495 5.399161 2
4.329537 5.104638 1
4.326573 5.305268 1
4.321475 5.503583 1
4.305547 5.674067 1
4.494113 5.630286 1
4.707891 5.660985 1
4.905374 5.667368 1
5.105484 5.669804 1
5.307206 5.672304 1
5.507359 5.675951 1
5.680120 5.688616 1
5.632827 5.502974 1
5.661818 5.291677 1
5.837409 5.197886 2
5.666818 5.097191 1
5.839147 4.999345 2
5.666323 4.901888 1
5.835851 4.800506 2
4.332259 4.905314 2
5.659755 4.707521 2
5.304957 4.328632 2
5.403332 4.158935 3
5.502778 4.327365 2
4.502879 5.005909 1
4.503939 5.207926 1
4.496449 5.411569 1
4.640123 5.503543 1
4.809714 5.495664 1
5.006308 5.496612 1
5.208943 5.495486 1
5.413343 5.502380 1
5.504851 5.359362 1
5.496418 5.191912 1
5.497002 4.999701 1
5.495658 4.807553 1
5.502953 4.640473 1
5.627558 4.497765 2
5.410894 4.498173 1
4.503991 4.810073 2
5.206214 4.504466 2
4.673819 4.906794 1
4.676157 5.103004 1
4.693971 5.318064 1
4.906869 5.326146 1
5.103649 5.323884 1
5.319131 5.306384 1
5.327497 5.096061 1
5.327126 4.903711 1
5.317714 4.693514 1
4.682240 4.694730 2
5.100462 4.676728 2
4.822480 4.827415 1
4.857446 5.002383 1
4.827077 5.178535 1
5.002749 5.143690 1
5.179523 5.174121 1
5.145241 5.000305 1
5.178312 4.826221 1
4.899690 4.677087 2
5.000582 4.858382 1
5.001305 5.000966 1
 0 1 2
 2 3 4
 4 5 6
 7 6 8
 9 10 7
 11 12 10
 13 14 12
 15 16 14
 17 18 16
 19 20 18
 21 22 20
 23 24 22
 25 26 24
 27 28 26
 29 30 28
 31 32 30
 33 34 32
 35 36 34
 37 38 36
 39 40 38
 41 42 40
 43 44 42
 45 46 44
 47 48 46
 49 50 48
 51 52 50
 53 54 52
 54 55 56
 55 57 56
 58 59 57
 59 60 61
 61 62 63
 63 64 65
 65 66 67
 67 68 69
 69 70 71
 71 72 73
 73 74 75
 75 76 77
 77 78 79
 79 80 81
 81 82 83
 83 84 85
 86 1 0
 1 3 2
 3 5 4
 5 8 6
 8 9 7
 9 11 10
 11 13 12
 13 15 14
 15 17 16
 17 19 18
 19 21 20
 21 23 22
 23 25 24
 25 27 26
 27 29 28
 29 31 30
 31 33 32
 33 35 34
 35 37 36
 37 39 38
 39 41 40
 41 43 42
 43 45 44
 45 47 46
 47 49 48
 49 51 50
 51 53 52
 54 53 55
 55 58 57
 60 59 58
 60 62 61
 62 64 63
 64 66 65
 66 68 67
 68 70 69
 70 72 71
 72 74 73
 74 76 75
 76 78 77
 78 80 79
 80 82 81
 82 84 83
 86 87 1
 1 88 3
 3 89 5
 5 90 8
 9 8 91
 11 9 92
 13 11 93
 15 13 94
 17 15 95
 19 17 96
 21 19 97
 23 21 98
 25 23 99
 27 25 100
 29 27 101
 31 29 102
 33 31 103
 35 33 104
 37 35 105
 39 37 106
 41 39 107
 43 41 108
 45 43 109
 47 45 110
 49 47 111
 51 49 112
 51 113 53
 58 55 53
 60 58 113
 60 114 62
 62 115 64
 64 116 66
 66 117 68
 68 118 70
 119 72 70
 72 120 74
 74 121 76
 76 122 78
 78 123 80
 80 124 82
 82 125 84
 126 87 86
 87 88 1
 88 89 3
 89 90 5
 90 91 8
 92 9 91
 93 11 92
 94 13 93
 95 15 94
 96 17 95
 97 19 96
 98 21 97
 99 23 98
 100 25 99
 101 27 100
 102 29 101
 103 31 102
 104 33 103
 105 35 104
 106 37 105
 107 39 106
 108 41 107
 109 43 108
 110 45 109
 111 47 110
 112 49 111
 51 112 113
 113 58 53
 60 113 114
 114 115 62
 115 116 64
 116 117 66
 117 118 68
 118 119 70
 120 72 119
 120 121 74
 121 122 76
 122 123 78
 123 124 80
 124 125 82
 126 127 87
 87 128 88
 88 129 89
 89 130 90
 91 90 131
 92 91 132
 93 92 133
 134 94 93
 95 94 135
 96 95 136
 97 96 137
 98 97 138
 99 98 139
 100 99 140
 101 100 141
 102 101 142
 103 102 143
 104 103 144
 104 145 105
 106 105 146
 107 106 147
 108 107 148
 109 108 149
 110 109 150
 151 111 110
 112 111 152
 153 113 112
 114 113 153
 114 154 115
 115 155 116
 116 156 117
 117 157 118
 118 158 119
 119 159 120
 120 160 121
 161 122 121
 122 162 123
 123 163 124
 124 164 125
 165 127 126
 127 128 87
 128 129 88
 129 130 89
 130 131 90
 91 131 132
 133 92 132
 133 134 93
 135 94 134
 136 95 135
 137 96 136
 138 97 137
 139 98 138
 140 99 139
 141 100 140
 142 101 141
 143 102 142
 144 103 143
 104 144 145
 146 105 145
 147 106 146
 148 107 147
 149 108 148
 150 109 149
 150 151 110
 152 111 151
 153 112 152
 114 153 154
 154 155 115
 155 156 116
 156 157 117
 157 158 118
 158 159 119
 159 160 120
 160 161 121
 162 122 161
 162 163 123
 163 164 124
 164 166 125
 167 127 165
 127 168 128
 128 169 129
 129 170 130
 130 171 131
 132 131 172
 133 132 173
 174 134 133
 135 134 175
 136 135 176
 137 136 177
 138 137 178
 139 138 179
 140 139 180
 141 140 181
 142 141 182
 143 142 183
 144 143 184
 145 144 185
 146 145 186
 147 146 187
 148 147 188
 149 148 189
 150 149 190
 151 150 191
 192 152 151
 154 153 152
 154 193 155
 155 194 156
 195 157 156
 157 196 158
 158 197 159
 159 198 160
 199 161 160
 161 200 162
 162 201 163
 202 164 163
 164 203 166
 168 127 167
 168 169 128
 169 170 129
 170 171 130
 171 172 131
 132 172 173
 173 174 133
 175 134 174
 176 135 175
 177 136 176
 178 137 177
 179 138 178
 180 139 179
 181 140 180
 182 141 181
 183 142 182
 184 143 183
 185 144 184
 186 145 185
 187 146 186
 188 147 187
 189 148 188
 190 149 189
 191 150 190
 191 192 151
 154 152 192
 193 194 155
 154 192 193
 194 195 156
 196 157 195
 196 197 158
 197 198 159
 198 199 160
 200 161 199
 200 201 162
 201 202 163
 203 164 202
 167 204 168
 168 205 169
 169 206 170
 170 207 171
 208 172 171
 209 173 172
 210 174 173
 211 175 174
 176 175 212
 177 176 213
 178 177 214
 179 178 215
 179 216 180
 181 180 217
 182 181 218
 183 182 219
 184 183 220
 185 184 221
 186 185 222
 187 186 223
 188 187 224
 188 225 189
 189 226 190
 191 190 227
 192 191 228
 228 194 193
 192 228 193
 194 229 195
 230 196 195
 231 197 196
 197 232 198
 198 233 199
 199 234 200
 200 235 201
 236 202 201
 202 237 203
 204 205 168
 205 206 169
 206 207 170
 207 208 171
 209 172 208
 210 173 209
 210 211 174
 212 175 211
 213 176 212
 214 177 213
 215 178 214
 179 215 216
 217 180 216
 218 181 217
 219 182 218
 220 183 219
 221 184 220
 222 185 221
 223 186 222
 224 187 223
 188 224 225
 189 225 226
 227 190 226
 228 191 227
 229 194 228
 229 230 195
 231 196 230
 232 197 231
 232 233 198
 233 234 199
 234 235 200
 235 236 201
 237 202 236
 237 238 203
 239 205 204
 240 206 205
 206 241 207
 242 208 207
 208 243 209
 209 244 210
 211 210 245
 212 211 246
 212 247 213
 213 248 214
 215 214 249
 216 215 250
 217 216 251
 218 217 252
 219 218 253
 254 220 219
 255 221 220
 222 221 256
 223 222 257
 223 258 224
 224 259 225
 225 260 226
 227 226 261
 228 227 262
 228 262 229
 229 263 230
 264 231 230
 232 231 265
 266 233 232
 233 267 234
 234 268 235
 235 269 236
 237 236 270
 237 271 238
 272 239 204
 240 205 239
 241 206 240
 241 242 207
 243 208 242
 243 244 209
 244 245 210
 246 211 245
 212 246 247
 213 247 248
 249 214 248
 250 215 249
 251 216 250
 252 217 251
 253 218 252
 253 254 219
 254 255 220
 256 221 255
 257 222 256
 223 257 258
 224 258 259
 225 259 260
 261 226 260
 262 227 261
 229 262 263
 263 264 230
 265 231 264
 232 265 266
 267 233 266
 267 268 234
 268 269 235
 269 270 236
 237 270 271
 271 273 238
 272 274 239
 275 240 239
 276 241 240
 277 242 241
 278 243 242
 244 243 279
 245 244 280
 246 245 281
 247 246 282
 248 247 283
 248 284 249
 250 249 285
 251 250 286
 287 252 251
 288 253 252
 254 253 289
 255 254 290
 291 256 255
 256 292 257
 293 258 257
 258 294 259
 259 295 260
 261 260 296
 263 262 261
 263 297 264
 298 265 264
 299 266 265
 267 266 300
 301 268 267
 268 302 269
 303 270 269
 270 304 271
 271 305 273
 306 274 272
 274 275 239
 276 240 275
 277 241 276
 278 242 277
 279 243 278
 244 279 280
 245 280 281
 282 246 281
 283 247 282
 248 283 284
 285 249 284
 286 250 285
 286 287 251
 287 288 252
 289 253 288
 290 254 289
 290 291 255
 256 291 292
 292 293 257
 258 293 294
 259 294 295
 296 260 295
 263 261 296
 297 298 264
 263 296 297
 299 265 298
 300 266 299
 267 300 301
 302 268 301
 302 303 269
 304 270 303
 304 305 271
 307 308 309
 309 310 306
 311 274 306
 312 275 274
 275 313 276
 276 314 277
 277 315 278
 316 279 278
 279 317 280
 280 318 281
 281 319 282
 283 282 320
 321 284 283
 322 285 284
 323 286 285
 324 287 286
 287 325 288
 289 288 326
 290 289 327
 290 328 291
 291 329 292
 292 330 293
 293 331 294
 294 332 295
 296 295 333
 333 298 297
 296 333 297
 334 299 298
 335 300 299
 336 301 300
 302 301 337
 338 303 302
 303 339 304
 304 340 305
 341 308 307
 308 310 309
 310 311 306
 312 274 311
 313 275 312
 313 314 276
 314 315 277
 315 316 278
 317 279 316
 317 318 280
 318 319 281
 320 282 319
 320 321 283
 321 322 284
 322 323 285
 323 324 286
 287 324 325
 326 288 325
 327 289 326
 290 327 328
 291 328 329
 292 329 330
 293 330 331
 294 331 332
 333 295 332
 334 298 333
 335 299 334
 336 300 335
 337 301 336
 302 337 338
 339 303 338
 339 340 304
 340 342 305
 341 343 308
 308 344 310
 310 345 311
 311 346 312
 312 347 313
 313 348 314
 349 315 314
 315 350 316
 316 351 317
 352 318 317
 353 319 318
 320 319 354
 321 320 355
 322 321 356
 322 357 323
 358 324 323
 325 324 359
 325 360 326
 326 361 327
 362 328 327
 328 363 329
 330 329 364
 330 365 331
 331 366 332
 332 367 333
 367 334 333
 368 335 334
 369 336 335
 337 336 370
 371 338 337
 339 338 372
 373 340 339
 374 342 340
 343 341 375
 343 344 308
 344 345 310
 345 346 311
 346 347 312
 347 348 313
 348 349 314
 350 315 349
 350 351 316
 351 352 317
 353 318 352
 354 319 353
 355 320 354
 356 321 355
 322 356 357
 357 358 323
 359 324 358
 325 359 360
 326 360 361
 361 362 327
 328 362 363
 364 329 363
 330 364 365
 331 365 366
 332 366 367
 367 368 334
 369 335 368
 370 336 369
 337 370 371
 372 338 371
 339 372 373
 374 340 373
 375 376 343
 344 343 377
 378 345 344
 379 346 345
 380 347 346
 348 347 381
 348 382 349
 350 349 383
 351 350 384
 352 351 385
 353 352 386
 354 353 387
 388 355 354
 389 356 355
 357 356 390
 358 357 391
 358 392 359
 393 360 359
 394 361 360
 361 395 362
 396 363 362
 363 397 364
 364 398 365
 365 399 366
 367 366 368
 399 369 368
 370 369 400
 401 371 370
 372 371 402
 403 373 372
 374 373 404
 376 377 343
 344 377 378
 379 345 378
 380 346 379
 381 347 380
 348 381 382
 382 383 349
 350 383 384
 351 384 385
 352 385 386
 353 386 387
 354 387 388
 388 389 355
 390 356 389
 391 357 390
 358 391 392
 392 393 359
 393 394 360
 361 394 395
 395 396 362
 363 396 397
 364 397 398
 365 398 399
 399 368 366
 400 369 399
 370 400 401
 402 371 401
 372 402 403
 404 373 403
 405 377 376
 406 378 377
 407 379 378
 379 408 380
 381 380 409
 410 382 381
 411 383 382
 383 412 384
 384 413 385
 385 414 386
 415 387 386
 416 388 387
 388 417 389
 390 389 418
 419 391 390
 420 392 391
 392 421 393
 393 422 394
 423 395 394
 395 424 396
 396 425 397
 397 426 398
 398 427 399
 427 400 399
 428 401 400
 429 402 401
 430 403 402
 404 403 431
 406 377 405
 407 378 406
 408 379 407
 408 409 380
 381 409 410
 411 382 410
 412 383 411
 412 413 384
 413 414 385
 414 415 386
 416 387 415
 417 388 416
 418 389 417
 418 419 390
 419 420 391
 392 420 421
 393 421 422
 422 423 394
 395 423 424
 396 424 425
 397 425 426
 426 427 398
 427 428 400
 429 401 428
 430 402 429
 431 403 430
 404 431 432
 433 406 405
 434 407 406
 435 408 407
 408 436 409
 437 410 409
 438 411 410
 411 439 412
 412 440 413
 414 413 441
 415 414 442
 416 415 443
 416 444 417
 445 418 417
 418 446 419
 419 447 420
 420 448 421
 421 449 422
 422 450 423
 424 423 451
 424 452 425
 425 453 426
 426 428 427
 454 429 428
 455 430 429
 431 430 456
 457 432 431
 434 406 433
 435 407 434
 436 408 435
 436 437 409
 438 410 437
 439 411 438
 439 440 412
 440 441 413
 414 441 442
 415 442 443
 416 443 444
 444 445 417
 418 445 446
 419 446 447
 420 447 448
 421 448 449
 422 449 450
 451 423 450
 424 451 452
 425 452 453
 453 428 426
 453 454 428
 455 429 454
 456 430 455
 431 456 457
 458 432 457
 433 459 434
 434 460 435
 436 435 461
 462 437 436
 463 438 437
 464 439 438
 439 465 440
 440 466 441
 441 467 442
 442 468 443
 444 443 469
 444 470 445
 445 471 446
 446 472 447
 447 473 448
 448 474 449
 449 475 450
 476 451 450
 452 451 477
 452 478 453
 478 454 453
 478 455 454
 479 456 455
 457 456 480
 458 457 481
 482 483 458
 459 460 434
 460 461 435
 436 461 462
 463 437 462
 464 438 463
 465 439 464
 465 466 440
 466 467 441
 467 468 442
 468 469 443
 444 469 470
 470 471 445
 446 471 472
 447 472 473
 448 473 474
 449 474 475
 475 476 450
 477 451 476
 452 477 478
 479 455 478
 480 456 479
 457 480 481
 458 481 482
 484 483 482
 485 460 459
 486 461 460
 487 462 461
 462 488 463
 463 489 464
 465 464 490
 466 465 491
 467 466 492
 467 493 468
 468 494 469
 469 495 470
 470 496 471
 471 497 472
 472 498 473
 473 499 474
 500 475 474
 501 476 475
 476 502 477
 477 503 478
 503 479 478
 504 480 479
 480 505 481
 482 481 506
 484 482 507
 508 485 459
 486 460 485
 487 461 486
 488 462 487
 488 489 463
 489 490 464
 465 490 491
 466 491 492
 467 492 493
 493 494 468
 494 495 469
 495 496 470
 496 497 471
 472 497 498
 473 498 499
 499 500 474
 500 501 475
 476 501 502
 502 503 477
 504 479 503
 505 480 504
 505 506 481
 482 506 507
 484 507 509
 508 510 485
 485 511 486
 487 486 512
 488 487 513
 514 489 488
 490 489 515
 490 516 491
 491 517 492
 492 518 493
 494 493 519
 495 494 520
 495 521 496
 496 522 497
 523 498 497
 524 499 498
 525 500 499
 526 501 500
 501 527 502
 504 503 502
 505 504 528
 506 505 529
 530 507 506
 507 531 509
 510 508 532
 510 511 485
 511 512 486
 487 512 513
 488 513 514
 515 489 514
 490 515 516
 516 517 491
 517 518 492
 518 519 493
 494 519 520
 495 520 521
 521 522 496
 522 523 497
 523 524 498
 524 525 499
 525 526 500
 501 526 527
 527 528 502
 528 504 502
 505 528 529
 506 529 530
 531 507 530
 531 533 509
 532 534 535
 532 536 510
 511 510 537
 538 512 511
 512 539 513
 513 540 514
 515 514 541
 516 515 542
 543 517 516
 544 518 517
 545 519 518
 519 546 520
 520 547 521
 521 548 522
 523 522 549
 524 523 550
 525 524 551
 552 526 525
 553 527 526
 528 527 553
 529 528 553
 530 529 554
 555 531 530
 531 556 533
 557 535 534
 532 535 536
 536 537 510
 511 537 538
 539 512 538
 539 540 513
 540 541 514
 515 541 542
 516 542 543
 544 517 543
 545 518 544
 546 519 545
 546 547 520
 547 548 521
 548 549 522
 523 549 550
 551 524 550
 551 552 525
 552 553 526
 529 553 554
 530 554 555
 556 531 555
 556 558 533
 559 535 557
 535 560 536
 561 537 536
 537 562 538
 538 563 539
 564 540 539
 541 540 565
 541 566 542
 567 543 542
 568 544 543
 569 545 544
 546 545 570
 571 547 546
 548 547 572
 548 573 549
 549 574 550
 551 550 575
 551 576 552
 577 553 552
 554 553 577
 555 554 578
 555 579 556
 558 556 580
 581 558 582
 581 583 584
 560 535 559
 560 561 536
 562 537 561
 562 563 538
 563 564 539
 565 540 564
 541 565 566
 566 567 542
 568 543 567
 569 544 568
 570 545 569
 546 570 571
 572 547 571
 548 572 573
 573 574 549
 574 575 550
 551 575 576
 576 577 552
 578 554 577
 555 578 579
 580 556 579
 582 558 580
 581 582 583
 584 583 585
 560 559 586
 561 560 587
 561 588 562
 589 563 562
 590 564 563
 564 591 565
 592 566 565
 593 567 566
 594 568 567
 595 569 568
 596 570 569
 571 570 597
 598 572 571
 572 599 573
 600 574 573
 574 601 575
 575 602 576
 576 578 577
 603 579 578
 579 604 580
 580 605 582
 606 583 582
 585 583 607
 560 586 587
 561 587 588
 588 589 562
 590 563 589
 591 564 590
 591 592 565
 593 566 592
 594 567 593
 595 568 594
 596 569 595
 597 570 596
 571 597 598
 599 572 598
 599 600 573
 601 574 600
 601 602 575
 602 578 576
 602 603 578
 579 603 604
 580 604 605
 605 606 582
 607 583 606
 607 608 585
 586 609 587
 588 587 610
 589 588 611
 612 590 589
 590 613 591
 591 614 592
 615 593 592
 616 594 593
 594 617 595
 595 618 596
 619 597 596
 620 598 597
 598 621 599
 599 622 600
 600 623 601
 624 602 601
 603 602 624
 603 624 604
 625 605 604
 606 605 626
 607 606 627
 607 628 608
 629 609 586
 609 610 587
 588 610 611
 589 611 612
 613 590 612
 613 614 591
 614 615 592
 616 593 615
 617 594 616
 617 618 595
 618 619 596
 620 597 619
 621 598 620
 621 622 599
 622 623 600
 623 624 601
 624 625 604
 626 605 625
 627 606 626
 607 627 628
 628 630 608
 629 631 609
 610 609 632
 610 633 611
 612 611 634
 613 612 635
 636 614 613
 614 637 615
 615 638 616
 616 639 617
 617 640 618
 618 641 619
 642 620 619
 620 643 621
 621 644 622
 645 623 622
 623 646 624
 646 625 624
 625 647 626
 626 648 627
 628 627 649
 630 628 650
 631 632 609
 610 632 633
 633 634 611
 612 634 635
 613 635 636
 637 614 636
 637 638 615
 638 639 616
 639 640 617
 640 641 618
 641 642 619
 643 620 642
 643 644 621
 644 645 622
 646 623 645
 625 646 647
 626 647 648
 649 627 648
 650 628 649
 651 630 650
 652 632 631
 632 653 633
 654 634 633
 655 635 634
 636 635 656
 637 636 657
 658 638 637
 639 638 659
 639 660 640
 640 661 641
 642 641 662
 663 643 642
 643 664 644
 644 665 645
 646 645 647
 648 647 665
 666 649 648
 650 649 667
 668 651 650
 653 632 652
 653 654 633
 655 634 654
 656 635 655
 636 656 657
 637 657 658
 659 638 658
 639 659 660
 660 661 640
 661 662 641
 642 662 663
 664 643 663
 664 665 644
 665 647 645
 665 666 648
 667 649 666
 667 668 650
 669 654 653
 654 670 655
 655 671 656
 672 657 656
 658 657 673
 674 659 658
 675 660 659
 661 660 676
 662 661 677
 662 678 663
 663 679 664
 664 680 665
 680 666 665
 681 667 666
 682 668 667
 670 654 669
 670 671 655
 671 672 656
 673 657 672
 658 673 674
 675 659 674
 676 660 675
 661 676 677
 662 677 678
 678 679 663
 679 680 664
 680 681 666
 681 682 667
 682 683 668
 669 684 670
 670 685 671
 672 671 686
 672 687 673
 688 674 673
 674 689 675
 675 690 676
 677 676 691
 678 677 692
 679 678 693
 681 680 679
 694 682 681
 695 683 682
 684 685 670
 685 686 671
 672 686 687
 687 688 673
 689 674 688
 689 690 675
 690 691 676
 677 691 692
 678 692 693
 679 693 681
 693 694 681
 694 695 682
 695 696 683
 697 698 699
 700 701 698
 702 701 703
 704 702 705
 704 705 684
 705 685 684
 706 686 685
 687 686 707
 688 687 708
 688 709 689
 689 710 690
 690 711 691
 712 692 691
 693 692 713
 693 713 694
 694 713 695
 696 695 714
 715 697 699
 697 700 698
 703 701 700
 705 702 703
 706 685 705
 707 686 706
 687 707 708
 688 708 709
 709 710 689
 710 711 690
 711 712 691
 713 692 712
 714 695 713
 714 716 696
 717 697 715
 718 700 697
 703 700 719
 705 703 720
 705 720 706
 721 707 706
 707 722 708
 708 723 709
 710 709 724
 711 710 725
 726 712 711
 727 713 712
 714 713 727
 716 714 728
 729 730 716
 731 732 730
 732 733 734
 735 717 715
 717 718 697
 719 700 718
 703 719 720
 720 721 706
 722 707 721
 722 723 708
 723 724 709
 710 724 725
 711 725 726
 727 712 726
 728 714 727
 728 729 716
 729 731 730
 731 733 732
 733 736 734
 737 738 739
 740 717 735
 741 718 717
 719 718 742
 719 721 720
 743 722 721
 723 722 744
 745 724 723
 725 724 746
 726 725 747
 728 727 726
 748 729 728
 749 731 729
 731 750 733
 733 751 736
 752 753 736
 737 739 754
 755 740 735
 740 741 717
 742 718 741
 719 742 721
 742 743 721
 744 722 743
 723 744 745
 746 724 745
 725 746 747
 726 747 728
 747 748 728
 748 749 729
 749 750 731
 750 751 733
 751 752 736
 754 753 752
 754 739 753
 756 737 754
 755 757 740
 740 758 741
 742 741 759
 743 742 759
 743 759 744
 760 745 744
 746 745 761
 747 746 762
 747 762 748
 762 749 748
 750 749 763
 750 764 751
 765 752 751
 754 752 765
 754 765 756
 755 766 757
 740 757 758
 759 741 758
 759 760 744
 761 745 760
 746 761 762
 763 749 762
 750 763 764
 764 765 751
 767 756 765
 757 766 768
 757 769 758
 770 759 758
 760 759 770
 761 760 771
 761 772 762
 772 763 762
 763 773 764
 764 774 765
 774 767 765
 775 767 776
 768 766 775
 769 757 768
 769 770 758
 771 760 770
 761 771 772
 772 773 763
 773 774 764
 776 767 774
 776 768 775
 776 769 768
 769 771 770
 771 773 772
 776 774 773
 776 777 769
 771 769 777
 771 777 773
 776 773 777
 9
 775 767 766 755 756 735 737 715 738
 33
 715 684 704 702 701 698 699 669 652 653 631 629 586 559 557 534 532 508 459 433 405 376 375 341 307 309 306 272 204 167 165 126 86
 34
 736 739 753 732 730 734 738 716 696 683 668 651 630 608 585 584 581 558 533 509 484 458 483 432 404 374 342 305 273 238 203 166 125 84
 0
