799 1484
10.000000 7.000000 0
9.826795 6.900000 1
10.000000 6.800000 0
9.826795 6.700000 1
10.000000 6.600000 0
9.826795 6.500000 1
10.000000 6.400000 0
9.826795 6.300000 1
10.000000 6.200000 0
9.826795 6.100000 1
10.000000 6.000000 0
9.826795 5.900000 1
10.000000 5.800000 0
9.826795 5.700000 1
10.000000 5.600000 0
9.826795 5.500000 1
10.000000 5.400000 0
9.826795 5.300000 1
10.000000 5.200000 0
9.826795 5.100000 1
10.000000 5.000000 0
9.826795 4.900000 1
10.000000 4.800000 0
9.826795 4.700000 1
10.000000 4.600000 0
9.826795 4.500000 1
10.000000 4.400000 0
9.826795 4.300000 1
10.000000 4.200000 0
9.826795 4.100000 1
10.000000 4.000000 0
9.826795 3.900000 1
10.000000 3.800000 0
9.826795 3.700000 1
10.000000 3.600000 0
9.826795 3.500000 1
10.000000 3.400000 0
9.826795 3.300000 1
10.000000 3.200000 0
9.826795 3.100000 1
10.000000 3.000000 0
9.826795 2.900000 1
10.000000 2.800000 0
9.826795 2.700000 1
10.000000 2.600000 0
9.826796 2.500000 1
10.000000 2.400000 0
9.826795 2.300001 1
10.000000 2.200000 0
9.826790 2.100004 1
10.000000 2.000000 0
9.826769 1.899997 1
10.000000 1.800000 0
9.826718 1.699942 1
10.000000 1.600000 0
9.826645 1.499748 1
10.000000 1.400000 0
9.826605 1.299307 1
10.000000 1.200000 0
9.826694 1.098594 1
10.000000 1.000000 0
9.826888 0.897739 1
10.000000 0.800000 0
9.826661 0.696703 1
10.000000 0.600000 0
9.824934 0.493506 1
10.000000 0.400000 0
9.835630 0.297254 1
10.000000 0.200000 0
9.912641 0.087587 1
10.000000 0.000000 0
9.800000 0.000000 0
9.600000 0.000000 0
9.704722 0.166774 1
9.400000 0.000000 0
9.508581 0.180216 1
9.200000 0.000000 0
9.303722 0.180030 1
9.000000 0.000000 0
9.101120 0.177994 1
8.800000 0.000000 0
8.900103 0.175431 1
8.600000 0.000000 0
8.699998 0.174015 1
8.400000 0.000000 0
8.500047 0.173424 1
8.200000 0.000000 0
8.300056 0.173237 1
8.000000 0.000000 0
8.100037 0.173200 1
7.800000 0.000000 0
7.900016 0.173201 1
7.600000 0.000000 0
7.700005 0.173204 1
7.400000 0.000000 0
7.500001 0.173205 1
7.200000 0.000000 0
7.300000 0.173205 1
7.000000 0.000000 0
7.100000 0.173205 1
6.800000 0.000000 0
6.900000 0.173205 1
6.600000 0.000000 0
6.700000 0.173205 1
6.400000 0.000000 0
6.500000 0.173205 2
9.826795 7.100000 2
9.850587 0.150333 1
9.653590 7.000000 1
9.653590 6.800000 1
9.653590 6.600000 1
9.653590 6.400000 1
9.653590 6.200000 1
9.653590 6.000000 1
9.653590 5.800000 1
9.653590 5.600000 1
9.653590 5.400000 1
9.653590 5.200000 1
9.653590 5.000000 1
9.653590 4.800000 1
9.653590 4.600000 1
9.653590 4.400000 1
9.653590 4.200000 1
9.653590 4.000000 1
9.653590 3.800000 1
9.653590 3.600000 1
9.653590 3.400000 1
9.653590 3.200000 1
9.653590 3.000000 1
9.653590 2.800000 1
9.653590 2.600000 1
9.653592 2.400002 1
9.653589 2.200010 1
9.653562 2.000027 1
9.653461 1.800009 1
9.653239 1.599814 1
9.652949 1.399181 1
9.652830 1.197874 1
9.653275 0.996054 1
9.654196 0.794502 1
9.653635 0.594034 1
9.633580 0.372823 1
9.409357 0.361810 1
9.202974 0.360545 1
8.999496 0.352481 1
8.799597 0.348583 1
8.599996 0.346968 1
8.400155 0.346451 1
8.200141 0.346361 1
8.000079 0.346379 1
7.800033 0.346402 1
7.600011 0.346410 1
7.400003 0.346411 1
7.200001 0.346411 1
7.000000 0.346410 1
6.800000 0.346410 1
6.600000 0.346410 2
9.653589 7.200001 2
9.480384 7.100001 2
9.480385 6.900000 1
9.480385 6.700000 1
9.480385 6.500000 1
9.480385 6.300000 1
9.480385 6.100000 1
9.480385 5.900000 1
9.480385 5.700000 1
9.480385 5.500000 1
9.480385 5.300000 1
9.480385 5.100000 1
9.480385 4.900000 1
9.480385 4.700000 1
9.480385 4.500000 1
9.480385 4.300000 1
9.480385 4.100000 1
9.480385 3.900000 1
9.480385 3.700000 1
9.480385 3.500000 1
9.480385 3.300000 1
9.480385 3.100000 1
9.480385 2.900000 1
9.480386 2.699999 1
9.480391 2.499998 1
9.480398 2.300007 1
9.480389 2.100050 1
9.480285 1.900133 1
9.479924 1.700137 1
9.479170 1.499668 1
9.478285 1.298133 1
9.477967 1.095104 1
9.479834 0.891516 1
9.483906 0.690157 1
9.497973 0.516076 1
9.308722 0.561459 1
9.094481 0.530112 1
8.897707 0.522956 1
8.699534 0.520181 1
8.500291 0.519385 1
8.300405 0.519342 1
8.100284 0.519471 1
7.900150 0.519573 1
7.700065 0.519616 1
7.500023 0.519623 1
7.300007 0.519620 1
7.100001 0.519617 1
6.900000 0.519615 1
6.700000 0.519615 2
9.307177 7.000003 1
9.307179 6.800000 1
9.307179 6.600000 1
9.307179 6.400000 1
9.307179 6.200000 1
9.307179 6.000000 1
9.307179 5.800000 1
9.307179 5.600000 1
9.307179 5.400000 1
9.307179 5.200000 1
9.307179 5.000000 1
9.307179 4.800000 1
9.307179 4.600000 1
9.307179 4.400000 1
9.307179 4.200000 1
9.307179 4.000000 1
9.307179 3.800000 1
9.307179 3.600000 1
9.307179 3.400000 1
9.307179 3.200000 1
9.307179 2.999999 1
9.307180 2.799995 1
9.307187 2.599985 1
9.307206 2.399977 1
9.307241 2.200013 1
9.307230 2.000178 1
9.306939 1.800509 1
9.305885 1.600714 1
9.303614 1.399746 1
9.301503 1.196497 1
9.300078 0.989496 1
9.307668 0.782809 1
9.162893 0.688829 1
8.993343 0.694862 1
8.798278 0.691929 1
8.600464 0.691424 1
8.400994 0.691834 1
8.200827 0.692332 1
8.000520 0.692669 1
7.800275 0.692829 1
7.600124 0.692866 1
7.400046 0.692852 1
7.200013 0.692833 1
7.000003 0.692824 1
6.800000 0.692821 2
9.307167 7.200013 2
9.133947 7.100021 2
9.133968 6.900004 1
9.133974 6.700001 1
9.133975 6.500000 1
9.133975 6.300000 1
9.133975 6.100000 1
9.133975 5.900000 1
9.133975 5.700000 1
9.133975 5.500000 1
9.133975 5.300000 1
9.133975 5.100000 1
9.133975 4.900000 1
9.133975 4.700000 1
9.133975 4.500000 1
9.133975 4.300000 1
9.133975 4.100000 1
9.133975 3.900000 1
9.133975 3.700000 1
9.133975 3.500000 1
9.133975 3.300000 1
9.133974 3.099998 1
9.133974 2.899988 1
9.133978 2.699961 1
9.134001 2.499909 1
9.134073 2.299867 1
9.134215 2.099976 1
9.134283 1.900495 1
9.133684 1.701602 1
9.131061 1.502725 1
9.124093 1.300443 1
9.122599 1.095314 1
9.108246 0.874847 1
8.896146 0.860498 1
8.700866 0.861507 1
8.502232 0.863358 1
8.302035 0.864744 1
8.101452 0.865608 1
7.900900 0.866078 1
7.700478 0.866220 1
7.500211 0.866181 1
7.300076 0.866104 1
7.100021 0.866053 1
6.900004 0.866032 1
6.700001 0.866026 2
8.960724 7.000029 2
8.960760 6.800006 1
8.960768 6.600001 1
8.960770 6.400000 1
8.960770 6.200000 1
8.960770 6.000000 1
8.960770 5.800000 1
8.960770 5.600000 1
8.960770 5.400000 1
8.960770 5.200000 1
8.960770 5.000000 1
8.960770 4.800000 1
8.960770 4.600000 1
8.960770 4.400000 1
8.960770 4.200000 1
8.960770 4.000000 1
8.960770 3.800000 1
8.960770 3.600000 1
8.960770 3.400000 1
8.960769 3.199996 1
8.960766 2.999979 1
8.960763 2.799926 1
8.960771 2.599804 1
8.960836 2.399608 1
8.961060 2.199445 1
8.961563 1.999703 1
8.962123 1.801100 1
8.961451 1.604329 1
8.956517 1.409660 1
8.927285 1.198459 1
8.971709 1.011493 1
8.802156 1.027864 1
8.604830 1.033423 1
8.404392 1.036631 1
8.203375 1.038248 1
8.002403 1.039413 1
7.801457 1.039881 1
7.600734 1.039816 1
7.400304 1.039573 1
7.200104 1.039376 1
7.000029 1.039276 1
6.800006 1.039240 2
8.787506 6.900036 1
8.787553 6.700009 1
8.787562 6.500002 1
8.787564 6.300000 1
8.787564 6.100000 1
8.787564 5.900000 1
8.787564 5.700000 1
8.787564 5.500000 1
8.787564 5.300000 1
8.787564 5.100000 1
8.787564 4.900000 1
8.787564 4.700000 1
8.787564 4.500000 1
8.787564 4.300000 1
8.787564 4.100000 1
8.787564 3.900000 1
8.787564 3.700000 1
8.787563 3.499999 1
8.787560 3.299994 1
8.787551 3.099968 1
8.787533 2.899883 1
8.787511 2.699674 1
8.787519 2.499275 1
8.787670 2.298691 1
8.788253 2.098170 1
8.789836 1.898629 1
8.792221 1.701819 1
8.792980 1.509298 1
8.801353 1.342790 1
8.710614 1.201247 1
8.508730 1.209343 1
8.306453 1.210192 1
8.105444 1.212754 1
7.903730 1.214213 1
7.702051 1.214218 1
7.500936 1.213598 1
7.300362 1.212997 1
7.100121 1.212644 1
6.900037 1.212494 1
8.787356 7.100121 2
6.700010 1.212448 2
8.614130 7.000137 2
8.614302 6.800049 1
8.614348 6.600015 1
8.614358 6.400003 1
8.614359 6.200000 1
8.614359 6.000000 1
8.614359 5.800000 1
8.614359 5.600000 1
8.614359 5.400000 1
8.614359 5.200000 1
8.614359 5.000000 1
8.614359 4.800000 1
8.614359 4.600000 1
8.614359 4.400000 1
8.614359 4.200000 1
8.614359 4.000000 1
8.614359 3.800000 1
8.614358 3.600000 1
8.614349 3.399994 1
8.614326 3.199962 1
8.614273 2.999846 1
8.614191 2.799542 1
8.614109 2.598920 1
8.614108 2.397896 1
8.614361 2.196484 1
8.615487 1.994905 1
8.620175 1.795360 1
8.627611 1.601984 1
8.619170 1.395246 1
8.408265 1.378965 1
8.210850 1.385088 1
8.008467 1.389786 1
7.804851 1.390228 1
7.602309 1.388886 1
7.400953 1.387343 1
7.200369 1.386347 1
7.000139 1.385873 1
6.800050 1.385701 1
6.600016 1.385652 2
8.440960 6.900178 1
8.441110 6.700073 1
8.441147 6.500024 1
8.441154 6.300005 1
8.441154 6.100001 1
8.441154 5.900000 1
8.441154 5.700000 1
8.441154 5.500000 1
8.441154 5.300000 1
8.441154 5.100000 1
8.441154 4.900000 1
8.441154 4.700000 1
8.441154 4.500000 1
8.441154 4.300000 1
8.441154 4.100000 1
8.441154 3.900000 1
8.441152 3.700001 1
8.441137 3.499998 1
8.441090 3.299971 1
8.440974 3.099846 1
8.440769 2.899465 1
8.440510 2.698614 1
8.440325 2.497134 1
8.440343 2.295050 1
8.440477 2.092296 1
8.440657 1.886963 1
8.456622 1.686969 1
8.486101 1.522864 1
8.320724 1.550891 1
8.118619 1.568232 1
7.910056 1.569237 1
7.704708 1.566725 1
7.501908 1.563083 1
7.300817 1.560709 1
7.100385 1.559523 1
6.900183 1.559046 1
6.700077 1.558892 2
8.440486 7.100379 2
8.267476 7.000492 1
8.267821 6.800259 1
8.267919 6.600107 1
8.267941 6.400033 1
8.267947 6.200007 1
8.267949 6.000001 1
8.267949 5.800000 1
8.267949 5.600000 1
8.267949 5.400000 1
8.267949 5.200000 1
8.267949 5.000000 1
8.267949 4.800000 1
8.267949 4.600000 1
8.267949 4.400000 1
8.267949 4.200000 1
8.267949 4.000000 1
8.267944 3.800003 1
8.267925 3.600008 1
8.267854 3.400002 1
8.267656 3.199914 1
8.267243 2.999542 1
8.266620 2.798540 1
8.266002 2.596555 1
8.265861 2.393630 1
8.266347 2.190456 1
8.265920 1.987779 1
8.246576 1.763064 1
8.017666 1.751873 1
7.808210 1.750072 1
7.602533 1.740929 1
7.401227 1.735968 1
7.200796 1.733546 1
7.000508 1.732529 1
6.800273 1.732174 1
8.266472 7.200780 2
6.600117 1.732074 2
8.093918 7.101106 2
8.094476 6.900727 1
8.094647 6.700355 1
8.094705 6.500129 1
8.094728 6.300033 1
8.094739 6.100005 1
8.094743 5.900000 1
8.094744 5.700000 1
8.094744 5.500000 1
8.094744 5.300000 1
8.094744 5.100000 1
8.094744 4.900000 1
8.094744 4.700000 1
8.094744 4.500000 1
8.094744 4.300000 1
8.094743 4.100001 1
8.094737 3.900007 1
8.094712 3.700023 1
8.094624 3.500053 1
8.094363 3.300058 1
8.093734 3.099853 1
8.092539 2.898961 1
8.090991 2.696705 1
8.089789 2.492572 1
8.090695 2.287455 1
8.094004 2.084160 1
8.107946 1.908099 1
7.916114 1.953064 1
7.699193 1.920100 1
7.500632 1.911615 1
7.301202 1.907701 1
7.101138 1.906056 1
6.900765 1.905461 1
6.700394 1.905282 1
6.500159 1.905246 2
7.921124 7.001723 2
7.921262 6.800952 2
7.921363 6.600379 1
7.921448 6.400101 1
7.921503 6.200012 1
7.921527 5.999997 1
7.921536 5.799999 1
7.921538 5.600000 1
7.921539 5.400000 1
7.921539 5.200000 1
7.921539 5.000000 1
7.921539 4.800000 1
7.921539 4.600000 1
7.921538 4.400001 1
7.921536 4.200004 1
7.921528 4.000015 1
7.921495 3.800050 1
7.921392 3.600125 1
7.921106 3.400250 1
7.920386 3.200344 1
7.918751 3.000018 1
7.915699 2.798171 1
7.912557 2.593689 1
7.909859 2.385089 1
7.916215 2.176583 1
7.769251 2.080619 1
7.598040 2.085400 1
7.401307 2.080982 1
7.202183 2.079188 1
7.001782 2.078593 1
6.801054 2.078408 1
6.600491 2.078376 1
6.400184 2.078403 2
7.747691 6.700889 2
7.747958 6.500210 1
7.748168 6.299989 1
7.748273 6.099967 1
7.748313 5.899987 1
7.748327 5.699998 1
7.748332 5.500000 1
7.748333 5.300000 1
7.748334 5.100000 1
7.748334 4.900000 1
7.748333 4.700000 1
7.748332 4.500000 1
7.748328 4.300004 1
7.748316 4.100025 1
7.748277 3.900088 1
7.748154 3.700228 1
7.747837 3.500477 1
7.747137 3.300857 1
7.745611 3.101319 1
7.742054 2.901270 1
7.734031 2.697400 1
7.731332 2.490512 1
7.715331 2.267915 1
7.500977 2.251624 1
7.303854 2.250980 1
7.103647 2.251275 1
6.902344 2.251352 1
6.701195 2.251339 1
6.500512 2.251427 1
6.300180 2.251543 2
7.573880 6.600250 2
7.574561 6.399793 1
7.574910 6.199821 1
7.575043 5.999928 1
7.575090 5.799988 1
7.575112 5.600004 1
7.575123 5.400003 1
7.575128 5.200001 1
7.575129 5.000000 1
7.575128 4.799998 1
7.575124 4.599996 1
7.575115 4.399996 1
7.575098 4.200018 1
7.575058 4.000112 1
7.574933 3.800347 1
7.574574 3.600779 1
7.573779 3.401391 1
7.572503 3.202252 1
7.570318 3.003832 1
7.564512 2.806926 1
7.534124 2.593119 1
7.578265 2.404672 1
7.406755 2.419639 1
7.207006 2.423249 1
7.004527 2.424298 1
6.802338 2.424028 1
6.601114 2.424141 1
6.400464 2.424439 1
6.200158 2.424684 2
7.400393 6.499015 2
7.401360 6.299318 1
7.401683 6.099736 1
7.401784 5.899960 1
7.401840 5.700023 1
7.401884 5.500021 1
7.401910 5.300008 1
7.401920 5.100001 1
7.401920 4.899995 1
7.401912 4.699984 1
7.401892 4.499966 1
7.401860 4.299963 1
7.401821 4.100049 1
7.401742 3.900363 1
7.401453 3.701064 1
7.400558 3.502144 1
7.398678 3.303178 1
7.397244 3.104354 1
7.396869 2.907930 1
7.405969 2.738339 1
7.313740 2.593949 1
7.108208 2.599282 1
6.903466 2.596437 1
6.701893 2.596218 1
6.500976 2.596862 1
6.300426 2.597482 1
6.000041 2.424814 2
6.100166 2.597859 1
5.900070 2.598031 2
7.227750 6.397942 2
7.228303 6.199261 2
7.228359 5.999932 2
7.228419 5.800118 1
7.228533 5.600099 1
7.228634 5.400047 1
7.228690 5.200013 1
7.228707 4.999991 1
7.228694 4.799959 1
7.228652 4.599897 1
7.228584 4.399815 1
7.228517 4.199793 1
7.228503 4.000044 1
7.228488 3.800911 1
7.228018 3.602712 1
7.225955 3.405191 1
7.220392 3.205528 1
7.222239 3.005103 1
7.217866 2.790201 1
7.001481 2.767710 1
6.802310 2.766870 1
6.601788 2.768381 1
6.401031 2.769757 1
6.200559 2.770633 1
6.000339 2.771116 1
5.800220 2.771300 2
7.054683 5.900492 2
7.054866 5.700380 1
7.055157 5.500192 1
7.055366 5.300069 1
7.055458 5.099999 1
7.055461 4.899924 1
7.055388 4.699782 1
7.055244 4.499543 1
7.055079 4.299260 1
7.055042 4.099163 1
7.055341 3.899759 1
7.055895 3.701829 1
7.055636 3.506113 1
7.051824 3.313012 1
7.025085 3.104084 1
7.073992 2.920014 1
6.902282 2.933767 1
6.703349 2.938375 1
6.502329 2.941333 1
6.301538 2.942856 1
6.101200 2.943983 1
5.900901 2.944539 2
6.880466 5.801201 2
6.881126 5.600614 1
6.881736 5.400246 1
6.882077 5.200054 1
6.882175 4.999899 1
6.882082 4.799642 1
6.881815 4.599163 1
6.881443 4.398440 1
6.881188 4.197661 1
6.881483 3.997330 1
6.883006 3.798505 1
6.885648 3.602848 1
6.887191 3.411706 1
6.896906 3.246528 1
6.807559 3.105780 1
6.605196 3.113425 1
6.403300 3.113977 1
6.203310 3.116281 1
6.002806 3.117798 1
5.802030 3.118254 2
6.705859 5.701594 2
6.707357 5.500651 1
6.708319 5.300206 1
6.708727 5.099927 1
6.708698 4.899539 1
6.708280 4.698785 1
6.707546 4.497481 1
6.706819 4.295703 1
6.706699 4.093930 1
6.707966 3.892879 1
6.713069 3.694792 1
6.721134 3.503249 1
6.714007 3.298263 1
6.503598 3.281546 1
6.307525 3.286827 1
6.107226 3.291108 1
5.905461 3.292304 2
6.531502 5.601285 2
6.533750 5.400454 1
6.534873 5.200035 1
6.535142 4.999551 1
6.534647 4.798604 1
6.533405 4.596767 1
6.531759 4.393763 1
6.530834 4.190064 1
6.531560 3.986812 1
6.533312 3.782964 1
6.550257 3.585893 1
6.580191 3.424278 1
6.415909 3.450574 1
6.216805 3.465732 1
6.012115 3.466950 1
5.808833 3.467701 2
6.357897 5.500551 1
6.360236 5.300147 1
6.361205 5.099681 1
6.360919 4.898767 1
6.359250 4.696793 1
6.356237 4.492949 1
6.352998 4.286659 1
6.353514 4.080087 1
6.357468 3.877417 1
6.342303 3.656801 1
6.120941 3.640646 1
5.918134 3.644237 1
6.353383 5.701550 2
5.711941 3.644645 2
6.180956 5.599769 2
6.184464 5.400049 1
6.186517 5.199762 1
6.187013 4.999155 1
6.185367 4.797679 1
6.181274 4.594276 1
6.174655 4.387145 1
6.167640 4.173211 1
6.179339 3.963414 1
6.206383 3.791509 1
6.034045 3.817878 1
5.824357 3.828679 1
5.611322 3.820980 2
6.007524 5.499849 2
6.010387 5.299516 1
6.012669 5.099244 1
6.011981 4.898929 1
6.007491 4.697156 1
5.999539 4.492769 1
5.985254 4.281757 1
5.956914 4.038933 1
5.714865 4.007560 1
5.506200 3.991862 2
5.830495 5.399161 2
5.837409 5.197886 2
5.839147 4.999345 2
5.835851 4.800506 2
5.825511 4.598698 1
5.817083 4.397943 1
5.790763 4.201298 1
5.598191 4.166802 1
5.403332 4.158935 3
5.659755 4.707521 2
5.627558 4.497765 2
5.668088 4.317640 1
5.502778 4.327365 2
 0 1 2
 2 3 4
 4 5 6
 6 7 8
 8 9 10
 10 11 12
 12 13 14
 14 15 16
 16 17 18
 18 19 20
 20 21 22
 22 23 24
 24 25 26
 26 27 28
 28 29 30
 30 31 32
 32 33 34
 34 35 36
 36 37 38
 38 39 40
 40 41 42
 42 43 44
 44 45 46
 46 47 48
 48 49 50
 50 51 52
 52 53 54
 54 55 56
 56 57 58
 58 59 60
 60 61 62
 62 63 64
 64 65 66
 66 67 68
 69 70 68
 71 70 69
 72 71 73
 74 72 75
 76 74 77
 78 76 79
 80 78 81
 82 80 83
 84 82 85
 86 84 87
 88 86 89
 90 88 91
 92 90 93
 94 92 95
 96 94 97
 98 96 99
 100 98 101
 102 100 103
 104 102 105
 106 1 0
 1 3 2
 3 5 4
 5 7 6
 7 9 8
 9 11 10
 11 13 12
 13 15 14
 15 17 16
 17 19 18
 19 21 20
 22 21 23
 24 23 25
 26 25 27
 28 27 29
 30 29 31
 32 31 33
 34 33 35
 36 35 37
 38 37 39
 40 39 41
 42 41 43
 44 43 45
 46 45 47
 48 47 49
 50 49 51
 52 51 53
 54 53 55
 56 55 57
 58 57 59
 60 59 61
 62 61 63
 64 63 65
 66 65 67
 67 107 68
 107 69 68
 107 71 69
 73 71 107
 72 73 75
 74 75 77
 76 77 79
 78 79 81
 80 81 83
 82 83 85
 84 85 87
 86 87 89
 88 89 91
 90 91 93
 92 93 95
 94 95 97
 96 97 99
 98 99 101
 100 101 103
 102 103 105
 106 108 1
 1 109 3
 3 110 5
 5 111 7
 7 112 9
 9 113 11
 11 114 13
 13 115 15
 15 116 17
 17 117 19
 19 118 21
 119 23 21
 120 25 23
 121 27 25
 122 29 27
 123 31 29
 124 33 31
 125 35 33
 126 37 35
 127 39 37
 128 41 39
 129 43 41
 130 45 43
 131 47 45
 132 49 47
 133 51 49
 134 53 51
 135 55 53
 136 57 55
 137 59 57
 138 61 59
 139 63 61
 140 65 63
 141 67 65
 73 107 67
 73 141 75
 77 75 142
 79 77 143
 81 79 144
 83 81 145
 85 83 146
 85 147 87
 89 87 148
 91 89 149
 93 91 150
 95 93 151
 97 95 152
 99 97 153
 101 99 154
 103 101 155
 105 103 156
 157 108 106
 108 109 1
 109 110 3
 110 111 5
 111 112 7
 112 113 9
 113 114 11
 114 115 13
 115 116 15
 116 117 17
 117 118 19
 118 119 21
 119 120 23
 120 121 25
 121 122 27
 122 123 29
 123 124 31
 124 125 33
 125 126 35
 126 127 37
 127 128 39
 128 129 41
 129 130 43
 130 131 45
 131 132 47
 132 133 49
 133 134 51
 134 135 53
 135 136 55
 136 137 57
 137 138 59
 138 139 61
 139 140 63
 140 141 65
 73 67 141
 141 142 75
 77 142 143
 79 143 144
 81 144 145
 83 145 146
 85 146 147
 147 148 87
 89 148 149
 91 149 150
 93 150 151
 95 151 152
 97 152 153
 99 153 154
 101 154 155
 103 155 156
 157 158 108
 108 159 109
 109 160 110
 110 161 111
 111 162 112
 112 163 113
 113 164 114
 114 165 115
 115 166 116
 116 167 117
 117 168 118
 118 169 119
 119 170 120
 171 121 120
 121 172 122
 173 123 122
 174 124 123
 175 125 124
 125 176 126
 177 127 126
 178 128 127
 179 129 128
 180 130 129
 181 131 130
 182 132 131
 133 132 183
 184 134 133
 185 135 134
 186 136 135
 187 137 136
 188 138 137
 189 139 138
 190 140 139
 141 140 191
 141 191 142
 143 142 192
 144 143 193
 145 144 194
 146 145 195
 147 146 196
 148 147 197
 149 148 198
 149 199 150
 151 150 200
 152 151 201
 153 152 202
 154 153 203
 155 154 204
 156 155 205
 158 159 108
 159 160 109
 160 161 110
 161 162 111
 162 163 112
 163 164 113
 164 165 114
 165 166 115
 166 167 116
 167 168 117
 168 169 118
 169 170 119
 170 171 120
 121 171 172
 172 173 122
 173 174 123
 174 175 124
 125 175 176
 176 177 126
 177 178 127
 178 179 128
 179 180 129
 180 181 130
 181 182 131
 183 132 182
 183 184 133
 184 185 134
 185 186 135
 186 187 136
 187 188 137
 188 189 138
 189 190 139
 190 191 140
 192 142 191
 143 192 193
 144 193 194
 145 194 195
 146 195 196
 147 196 197
 148 197 198
 149 198 199
 199 200 150
 151 200 201
 152 201 202
 153 202 203
 154 203 204
 155 204 205
 206 159 158
 159 207 160
 160 208 161
 161 209 162
 162 210 163
 163 211 164
 212 165 164
 165 213 166
 166 214 167
 167 215 168
 168 216 169
 169 217 170
 218 171 170
 219 172 171
 172 220 173
 221 174 173
 222 175 174
 223 176 175
 176 224 177
 225 178 177
 226 179 178
 227 180 179
 181 180 228
 229 182 181
 230 183 182
 231 184 183
 232 185 184
 233 186 185
 234 187 186
 235 188 187
 236 189 188
 237 190 189
 192 191 190
 193 192 238
 194 193 239
 194 240 195
 196 195 241
 197 196 242
 198 197 243
 198 244 199
 200 199 245
 201 200 246
 201 247 202
 203 202 248
 203 249 204
 205 204 250
 251 206 158
 207 159 206
 207 208 160
 208 209 161
 209 210 162
 210 211 163
 211 212 164
 213 165 212
 213 214 166
 214 215 167
 215 216 168
 216 217 169
 217 218 170
 218 219 171
 172 219 220
 220 221 173
 221 222 174
 222 223 175
 176 223 224
 224 225 177
 225 226 178
 226 227 179
 228 180 227
 228 229 181
 229 230 182
 230 231 183
 231 232 184
 232 233 185
 233 234 186
 234 235 187
 235 236 188
 236 237 189
 237 192 190
 238 192 237
 193 238 239
 194 239 240
 240 241 195
 196 241 242
 197 242 243
 198 243 244
 244 245 199
 200 245 246
 201 246 247
 247 248 202
 203 248 249
 249 250 204
 251 252 206
 253 207 206
 254 208 207
 208 255 209
 256 210 209
 210 257 211
 211 258 212
 212 259 213
 213 260 214
 214 261 215
 215 262 216
 263 217 216
 264 218 217
 265 219 218
 266 220 219
 220 267 221
 268 222 221
 223 222 269
 270 224 223
 271 225 224
 226 225 272
 273 227 226
 274 228 227
 229 228 275
 276 230 229
 277 231 230
 278 232 231
 279 233 232
 234 233 280
 235 234 281
 282 236 235
 283 237 236
 238 237 283
 238 283 239
 240 239 284
 240 285 241
 241 286 242
 243 242 287
 244 243 288
 245 244 289
 246 245 290
 246 291 247
 248 247 292
 249 248 293
 249 294 250
 252 253 206
 254 207 253
 255 208 254
 255 256 209
 257 210 256
 257 258 211
 258 259 212
 259 260 213
 260 261 214
 261 262 215
 262 263 216
 264 217 263
 265 218 264
 265 266 219
 220 266 267
 267 268 221
 269 222 268
 269 270 223
 270 271 224
 272 225 271
 272 273 226
 273 274 227
 275 228 274
 275 276 229
 276 277 230
 277 278 231
 278 279 232
 280 233 279
 281 234 280
 281 282 235
 282 283 236
 283 284 239
 240 284 285
 285 286 241
 286 287 242
 243 287 288
 244 288 289
 245 289 290
 246 290 291
 291 292 247
 248 292 293
 249 293 294
 294 295 250
 296 253 252
 253 297 254
 254 298 255
 255 299 256
 300 257 256
 301 258 257
 258 302 259
 303 260 259
 261 260 304
 262 261 305
 306 263 262
 263 307 264
 264 308 265
 309 266 265
 310 267 266
 311 268 267
 312 269 268
 313 270 269
 314 271 270
 271 315 272
 273 272 316
 317 274 273
 318 275 274
 319 276 275
 320 277 276
 321 278 277
 279 278 322
 280 279 323
 281 280 324
 325 282 281
 283 282 326
 283 326 284
 285 284 327
 285 328 286
 329 287 286
 287 330 288
 289 288 331
 290 289 332
 291 290 333
 292 291 334
 293 292 335
 293 336 294
 295 294 337
 297 253 296
 297 298 254
 298 299 255
 299 300 256
 301 257 300
 302 258 301
 302 303 259
 304 260 303
 305 261 304
 305 306 262
 307 263 306
 307 308 264
 308 309 265
 309 310 266
 310 311 267
 311 312 268
 312 313 269
 313 314 270
 271 314 315
 316 272 315
 316 317 273
 317 318 274
 318 319 275
 319 320 276
 320 321 277
 322 278 321
 323 279 322
 324 280 323
 324 325 281
 325 326 282
 327 284 326
 285 327 328
 328 329 286
 330 287 329
 330 331 288
 289 331 332
 290 332 333
 291 333 334
 292 334 335
 293 335 336
 336 337 294
 297 296 338
 297 339 298
 340 299 298
 341 300 299
 300 342 301
 301 343 302
 302 344 303
 345 304 303
 346 305 304
 305 347 306
 307 306 348
 349 308 307
 350 309 308
 309 351 310
 352 311 310
 311 353 312
 313 312 354
 355 314 313
 356 315 314
 315 357 316
 358 317 316
 359 318 317
 360 319 318
 361 320 319
 321 320 362
 321 363 322
 323 322 364
 365 324 323
 366 325 324
 327 326 325
 328 327 367
 328 368 329
 369 330 329
 370 331 330
 331 371 332
 333 332 372
 333 373 334
 335 334 374
 336 335 375
 337 336 376
 377 338 296
 297 338 339
 339 340 298
 341 299 340
 342 300 341
 342 343 301
 343 344 302
 344 345 303
 345 346 304
 305 346 347
 347 348 306
 307 348 349
 350 308 349
 351 309 350
 351 352 310
 311 352 353
 354 312 353
 354 355 313
 355 356 314
 315 356 357
 357 358 316
 358 359 317
 359 360 318
 360 361 319
 362 320 361
 321 362 363
 364 322 363
 364 365 323
 365 366 324
 366 367 325
 367 327 325
 328 367 368
 368 369 329
 370 330 369
 371 331 370
 371 372 332
 333 372 373
 373 374 334
 335 374 375
 336 375 376
 337 376 378
 379 338 377
 338 380 339
 339 381 340
 341 340 382
 342 341 383
 342 384 343
 385 344 343
 386 345 344
 346 345 387
 347 346 388
 389 348 347
 390 349 348
 391 350 349
 392 351 350
 393 352 351
 394 353 352
 353 395 354
 354 396 355
 397 356 355
 398 357 356
 399 358 357
 400 359 358
 401 360 359
 361 360 402
 361 403 362
 362 404 363
 363 405 364
 365 364 406
 365 407 366
 367 366 407
 367 407 368
 368 408 369
 409 370 369
 410 371 370
 411 372 371
 372 412 373
 374 373 413
 375 374 414
 375 415 376
 378 376 416
 380 338 379
 380 381 339
 381 382 340
 341 382 383
 342 383 384
 384 385 343
 386 344 385
 387 345 386
 388 346 387
 388 389 347
 390 348 389
 391 349 390
 392 350 391
 393 351 392
 393 394 352
 353 394 395
 354 395 396
 396 397 355
 397 398 356
 398 399 357
 399 400 358
 400 401 359
 402 360 401
 361 402 403
 362 403 404
 363 404 405
 406 364 405
 365 406 407
 407 408 368
 408 409 369
 410 370 409
 411 371 410
 412 372 411
 412 413 373
 374 413 414
 375 414 415
 415 416 376
 378 416 417
 379 418 380
 381 380 419
 420 382 381
 382 421 383
 383 422 384
 384 423 385
 386 385 424
 386 425 387
 388 387 426
 389 388 427
 428 390 389
 429 391 390
 430 392 391
 431 393 392
 393 432 394
 433 395 394
 434 396 395
 435 397 396
 436 398 397
 437 399 398
 438 400 399
 401 400 439
 401 440 402
 402 441 403
 403 442 404
 404 443 405
 406 405 444
 445 407 406
 408 407 445
 408 446 409
 447 410 409
 411 410 448
 449 412 411
 450 413 412
 413 451 414
 414 452 415
 416 415 453
 417 416 454
 418 379 455
 418 419 380
 381 419 420
 421 382 420
 421 422 383
 422 423 384
 423 424 385
 386 424 425
 426 387 425
 427 388 426
 389 427 428
 428 429 390
 430 391 429
 431 392 430
 432 393 431
 432 433 394
 433 434 395
 434 435 396
 435 436 397
 436 437 398
 437 438 399
 439 400 438
 401 439 440
 402 440 441
 403 441 442
 404 442 443
 444 405 443
 445 406 444
 408 445 446
 446 447 409
 448 410 447
 411 448 449
 450 412 449
 451 413 450
 451 452 414
 452 453 415
 416 453 454
 418 455 456
 457 419 418
 458 420 419
 420 459 421
 421 460 422
 422 461 423
 462 424 423
 463 425 424
 464 426 425
 465 427 426
 466 428 427
 467 429 428
 429 468 430
 430 469 431
 470 432 431
 432 471 433
 433 472 434
 473 435 434
 474 436 435
 437 436 475
 437 476 438
 439 438 477
 439 478 440
 479 441 440
 441 480 442
 442 481 443
 444 443 482
 445 444 446
 482 447 446
 483 448 447
 449 448 484
 450 449 485
 486 451 450
 487 452 451
 488 453 452
 453 489 454
 455 490 456
 418 456 457
 458 419 457
 459 420 458
 459 460 421
 460 461 422
 461 462 423
 462 463 424
 463 464 425
 464 465 426
 465 466 427
 467 428 466
 468 429 467
 468 469 430
 469 470 431
 471 432 470
 433 471 472
 472 473 434
 473 474 435
 475 436 474
 437 475 476
 477 438 476
 439 477 478
 478 479 440
 441 479 480
 442 480 481
 482 443 481
 444 482 446
 483 447 482
 484 448 483
 449 484 485
 450 485 486
 487 451 486
 488 452 487
 489 453 488
 489 491 454
 492 456 490
 457 456 493
 458 457 494
 459 458 495
 496 460 459
 497 461 460
 461 498 462
 462 499 463
 464 463 500
 465 464 501
 502 466 465
 466 503 467
 504 468 467
 505 469 468
 506 470 469
 470 507 471
 508 472 471
 509 473 472
 473 510 474
 475 474 511
 475 512 476
 476 513 477
 477 514 478
 515 479 478
 516 480 479
 481 480 517
 481 518 482
 518 483 482
 519 484 483
 485 484 520
 486 485 521
 487 486 522
 523 488 487
 524 489 488
 525 491 489
 493 456 492
 457 493 494
 458 494 495
 459 495 496
 497 460 496
 461 497 498
 462 498 499
 500 463 499
 501 464 500
 501 502 465
 503 466 502
 503 504 467
 505 468 504
 506 469 505
 507 470 506
 507 508 471
 508 509 472
 473 509 510
 511 474 510
 475 511 512
 476 512 513
 477 513 514
 514 515 478
 515 516 479
 517 480 516
 481 517 518
 518 519 483
 520 484 519
 485 520 521
 486 521 522
 487 522 523
 524 488 523
 525 489 524
 526 491 525
 493 492 527
 528 494 493
 495 494 529
 530 496 495
 497 496 531
 497 532 498
 533 499 498
 534 500 499
 535 501 500
 536 502 501
 537 503 502
 503 538 504
 504 539 505
 505 540 506
 507 506 541
 507 542 508
 509 508 543
 510 509 544
 510 545 511
 511 546 512
 547 513 512
 548 514 513
 514 549 515
 550 516 515
 517 516 551
 518 517 519
 552 520 519
 521 520 553
 521 554 522
 523 522 555
 524 523 556
 557 525 524
 526 525 558
 493 527 528
 529 494 528
 495 529 530
 531 496 530
 497 531 532
 532 533 498
 533 534 499
 534 535 500
 535 536 501
 536 537 502
 538 503 537
 538 539 504
 539 540 505
 540 541 506
 507 541 542
 542 543 508
 544 509 543
 510 544 545
 511 545 546
 546 547 512
 547 548 513
 514 548 549
 549 550 515
 551 516 550
 517 551 519
 551 552 519
 553 520 552
 521 553 554
 554 555 522
 523 555 556
 524 556 557
 558 525 557
 526 558 559
 529 528 560
 530 529 561
 562 531 530
 563 532 531
 564 533 532
 534 533 565
 535 534 566
 536 535 567
 537 536 568
 569 538 537
 570 539 538
 571 540 539
 572 541 540
 542 541 573
 542 574 543
 544 543 575
 545 544 576
 545 577 546
 578 547 546
 548 547 579
 549 548 580
 549 581 550
 550 582 551
 582 552 551
 553 552 582
 554 553 583
 554 584 555
 555 585 556
 557 556 586
 558 557 587
 558 588 559
 529 560 561
 530 561 562
 562 563 531
 563 564 532
 565 533 564
 566 534 565
 567 535 566
 568 536 567
 569 537 568
 570 538 569
 571 539 570
 572 540 571
 573 541 572
 542 573 574
 574 575 543
 576 544 575
 545 576 577
 577 578 546
 579 547 578
 580 548 579
 549 580 581
 550 581 582
 553 582 583
 554 583 584
 584 585 555
 585 586 556
 557 586 587
 558 587 588
 588 589 559
 561 560 590
 562 561 591
 563 562 592
 564 563 593
 565 564 594
 566 565 595
 596 567 566
 597 568 567
 568 598 569
 569 599 570
 570 600 571
 601 572 571
 602 573 572
 603 574 573
 604 575 574
 575 605 576
 606 577 576
 607 578 577
 579 578 608
 579 609 580
 610 581 580
 581 611 582
 611 583 582
 584 583 612
 613 585 584
 614 586 585
 586 615 587
 588 587 616
 589 588 617
 561 590 591
 592 562 591
 593 563 592
 594 564 593
 595 565 594
 595 596 566
 596 597 567
 568 597 598
 598 599 569
 599 600 570
 600 601 571
 602 572 601
 603 573 602
 604 574 603
 605 575 604
 605 606 576
 606 607 577
 608 578 607
 579 608 609
 609 610 580
 611 581 610
 583 611 612
 584 612 613
 614 585 613
 615 586 614
 615 616 587
 588 616 617
 589 617 618
 591 590 619
 592 591 620
 621 593 592
 622 594 593
 623 595 594
 596 595 624
 625 597 596
 598 597 626
 627 599 598
 628 600 599
 629 601 600
 601 630 602
 602 631 603
 603 632 604
 633 605 604
 634 606 605
 607 606 635
 608 607 636
 609 608 637
 610 609 638
 611 610 612
 612 639 613
 613 640 614
 615 614 641
 615 642 616
 616 643 617
 617 644 618
 645 618 646
 620 591 619
 620 621 592
 621 622 593
 622 623 594
 624 595 623
 624 625 596
 626 597 625
 598 626 627
 628 599 627
 629 600 628
 630 601 629
 630 631 602
 631 632 603
 632 633 604
 634 605 633
 635 606 634
 636 607 635
 637 608 636
 638 609 637
 639 610 638
 612 610 639
 639 640 613
 640 641 614
 615 641 642
 642 643 616
 617 643 644
 646 618 644
 647 645 646
 648 620 619
 621 620 649
 650 622 621
 623 622 651
 623 652 624
 624 653 625
 625 654 626
 627 626 655
 628 627 656
 629 628 657
 630 629 658
 659 631 630
 660 632 631
 661 633 632
 633 662 634
 663 635 634
 664 636 635
 665 637 636
 666 638 637
 638 666 639
 666 640 639
 640 667 641
 642 641 668
 643 642 669
 644 643 670
 644 671 646
 646 672 647
 649 620 648
 649 650 621
 651 622 650
 623 651 652
 624 652 653
 625 653 654
 655 626 654
 627 655 656
 628 656 657
 629 657 658
 630 658 659
 660 631 659
 661 632 660
 662 633 661
 662 663 634
 663 664 635
 664 665 636
 665 666 637
 667 640 666
 667 668 641
 642 668 669
 670 643 669
 644 670 671
 646 671 672
 647 672 673
 650 674 651
 675 652 651
 676 653 652
 653 677 654
 654 678 655
 656 655 679
 680 657 656
 681 658 657
 682 659 658
 683 660 659
 660 684 661
 685 662 661
 686 663 662
 687 664 663
 665 664 688
 666 665 689
 666 689 667
 667 690 668
 669 668 691
 669 692 670
 671 670 693
 694 672 671
 672 695 673
 674 675 651
 675 676 652
 653 676 677
 654 677 678
 678 679 655
 656 679 680
 681 657 680
 682 658 681
 683 659 682
 684 660 683
 684 685 661
 686 662 685
 687 663 686
 688 664 687
 665 688 689
 689 690 667
 690 691 668
 669 691 692
 693 670 692
 693 694 671
 672 694 695
 696 675 674
 675 697 676
 676 698 677
 677 699 678
 678 700 679
 680 679 701
 681 680 702
 682 681 703
 683 682 704
 705 684 683
 685 684 706
 707 686 685
 708 687 686
 688 687 709
 688 690 689
 690 710 691
 711 692 691
 693 692 712
 693 713 694
 694 714 695
 675 696 697
 676 697 698
 677 698 699
 699 700 678
 700 701 679
 680 701 702
 681 702 703
 682 703 704
 683 704 705
 706 684 705
 685 706 707
 708 686 707
 709 687 708
 710 688 709
 690 688 710
 710 711 691
 712 692 711
 693 712 713
 694 713 714
 714 715 695
 716 697 696
 698 697 717
 699 698 718
 700 699 719
 720 701 700
 721 702 701
 702 722 703
 703 723 704
 705 704 724
 725 706 705
 706 726 707
 708 707 727
 709 708 728
 728 710 709
 711 710 728
 711 729 712
 730 713 712
 713 731 714
 732 715 714
 717 697 716
 718 698 717
 699 718 719
 700 719 720
 721 701 720
 722 702 721
 722 723 703
 723 724 704
 705 724 725
 726 706 725
 726 727 707
 708 727 728
 711 728 729
 729 730 712
 713 730 731
 731 732 714
 717 716 733
 718 717 734
 719 718 735
 736 720 719
 737 721 720
 722 721 738
 739 723 722
 724 723 740
 724 741 725
 726 725 742
 743 727 726
 728 727 744
 728 744 729
 729 745 730
 746 731 730
 732 731 747
 734 717 733
 735 718 734
 719 735 736
 737 720 736
 738 721 737
 722 738 739
 740 723 739
 724 740 741
 741 742 725
 726 742 743
 744 727 743
 729 744 745
 745 746 730
 747 731 746
 732 747 748
 734 733 749
 735 734 750
 736 735 751
 736 752 737
 753 738 737
 739 738 754
 755 740 739
 741 740 756
 741 757 742
 742 758 743
 744 743 745
 746 745 758
 747 746 759
 747 760 748
 749 733 761
 750 734 749
 751 735 750
 736 751 752
 752 753 737
 754 738 753
 739 754 755
 756 740 755
 741 756 757
 757 758 742
 758 745 743
 759 746 758
 747 759 760
 748 760 762
 763 749 761
 764 750 749
 765 751 750
 752 751 766
 753 752 767
 768 754 753
 755 754 769
 756 755 770
 771 757 756
 772 758 757
 759 758 772
 759 773 760
 762 760 774
 763 764 749
 764 765 750
 766 751 765
 752 766 767
 753 767 768
 769 754 768
 755 769 770
 756 770 771
 772 757 771
 759 772 773
 774 760 773
 774 775 762
 776 764 763
 777 765 764
 766 765 778
 779 767 766
 767 780 768
 768 781 769
 770 769 782
 770 783 771
 771 773 772
 783 774 773
 784 775 774
 776 777 764
 778 765 777
 766 778 779
 780 767 779
 780 781 768
 781 782 769
 770 782 783
 771 783 773
 783 784 774
 775 784 785
 786 777 776
 778 777 787
 779 778 788
 779 789 780
 781 780 790
 781 791 782
 792 783 782
 784 783 792
 785 784 793
 787 777 786
 788 778 787
 779 788 789
 789 790 780
 781 790 791
 791 792 782
 793 784 792
 793 794 785
 789 795 790
 790 796 791
 791 797 792
 797 793 792
 798 794 793
 795 796 790
 796 797 791
 797 798 793
 797 796 798
 25
 794 785 775 762 748 732 715 695 673 647 645 618 589 559 526 491 454 417 378 337 295 250 205 156 105
 0
 0
 34
 795 798 796 788 787 789 794 786 776 763 761 733 716 696 674 650 649 648 619 590 560 527 528 492 490 455 379 377 296 252 251 158 157 106
