760 1400
0.000000 2.800000 0
0.173205 2.900000 2
0.000000 3.000000 0
0.173205 3.100000 1
0.000000 3.200000 0
0.173205 3.300000 1
0.000000 3.400000 0
0.173205 3.500000 1
0.000000 3.600000 0
0.173205 3.700000 1
0.000000 3.800000 0
0.173205 3.900000 1
0.000000 4.000000 0
0.173205 4.100000 1
0.000000 4.200000 0
0.173205 4.300000 1
0.000000 4.400000 0
0.173205 4.500000 1
0.000000 4.600000 0
0.173205 4.700000 1
0.000000 4.800000 0
0.173205 4.900000 1
0.000000 5.000000 0
0.000000 5.200000 0
0.173205 5.100000 1
0.173205 5.300000 1
0.000000 5.400000 0
0.173205 5.500000 1
0.000000 5.600000 0
0.173205 5.700000 1
0.000000 5.800000 0
0.173205 5.900000 1
0.000000 6.000000 0
0.173205 6.100000 1
0.000000 6.200000 0
0.173205 6.300000 1
0.000000 6.400000 0
0.173205 6.500000 1
0.000000 6.600000 0
0.173205 6.700000 1
0.000000 6.800000 0
0.173205 6.900000 1
0.000000 7.000000 0
0.173205 7.100000 1
0.000000 7.200000 0
0.173205 7.300000 1
0.000000 7.400000 0
0.173205 7.500000 1
0.000000 7.600000 0
0.173205 7.699999 1
0.000000 7.800000 0
0.173210 7.899996 1
0.000000 8.000000 0
0.173231 8.100002 1
0.000000 8.200000 0
0.173282 8.300057 1
0.000000 8.400000 0
0.173355 8.500252 1
0.000000 8.600000 0
0.173396 8.700693 1
0.000000 8.800000 0
0.173305 8.901406 1
0.000000 9.000000 0
0.173112 9.102262 1
0.000000 9.200000 0
0.173339 9.303297 1
0.000000 9.400000 0
0.175066 9.506494 1
0.000000 9.600000 0
0.164370 9.702746 1
0.000000 9.800000 0
0.087359 9.912414 1
0.000000 10.000000 0
0.200000 10.000000 0
0.295277 9.833226 1
0.400000 10.000000 0
0.491419 9.819784 1
0.600000 10.000000 0
0.696277 9.819970 1
0.800000 10.000000 0
0.898880 9.822006 1
1.000000 10.000000 0
1.099898 9.824569 1
1.200000 10.000000 0
1.300002 9.825985 1
1.400000 10.000000 0
1.499953 9.826576 1
1.600000 10.000000 0
1.699943 9.826763 1
1.800000 10.000000 0
1.899964 9.826800 1
2.000000 10.000000 0
2.099984 9.826799 1
2.200000 10.000000 0
2.299995 9.826796 1
2.400000 10.000000 0
2.499999 9.826795 1
2.600000 10.000000 0
2.700000 9.826795 1
2.800000 10.000000 0
2.900000 9.826795 1
3.000000 10.000000 0
3.100000 9.826795 1
3.200000 10.000000 0
3.300000 9.826795 1
3.400000 10.000000 0
3.500000 9.826795 1
3.600000 10.000000 0
3.700000 9.826795 1
3.800000 10.000000 0
3.900000 9.826795 1
4.000000 10.000000 0
4.100000 9.826795 1
4.200000 10.000000 0
4.300000 9.826795 2
4.400000 10.000000 0
0.149413 9.849668 1
0.346410 3.000000 2
0.346410 3.200000 1
0.346410 3.400000 1
0.346410 3.600000 1
0.346410 3.800000 1
0.346410 4.000000 1
0.346410 4.200000 1
0.346410 4.400000 1
0.346410 4.600000 1
0.346410 4.800000 1
0.346410 5.000000 1
0.346410 5.200000 1
0.346410 5.400000 1
0.346410 5.600000 1
0.346410 5.800000 1
0.346410 6.000000 1
0.346410 6.200000 1
0.346410 6.400000 1
0.346410 6.600000 1
0.346410 6.800000 1
0.346410 7.000000 1
0.346410 7.200000 1
0.346410 7.400000 1
0.346408 7.599998 1
0.346411 7.799990 1
0.346439 7.999973 1
0.346539 8.199990 1
0.346761 8.400186 1
0.347051 8.600819 1
0.347170 8.802126 1
0.346724 9.003945 1
0.345804 9.205498 1
0.346365 9.405966 1
0.366420 9.627176 1
0.590643 9.638189 1
0.797026 9.639455 1
1.000504 9.647519 1
1.200404 9.651418 1
1.400005 9.653032 1
1.599845 9.653549 1
1.799859 9.653640 1
1.999921 9.653622 1
2.199967 9.653599 1
2.399989 9.653590 1
2.599997 9.653589 1
2.799999 9.653589 1
3.000000 9.653590 1
3.200000 9.653590 1
3.400000 9.653590 1
3.600000 9.653590 1
3.800000 9.653590 1
4.000000 9.653590 1
4.200000 9.653590 2
0.519615 3.100000 2
0.519615 3.300000 1
0.519615 3.500000 1
0.519615 3.700000 1
0.519615 3.900000 1
0.519615 4.100000 1
0.519615 4.300000 1
0.519615 4.500000 1
0.519615 4.700000 1
0.519615 4.900000 1
0.519615 5.100000 1
0.519615 5.300000 1
0.519615 5.500000 1
0.519615 5.700000 1
0.519615 5.900000 1
0.519615 6.100000 1
0.519615 6.300000 1
0.519615 6.500000 1
0.519615 6.700000 1
0.519615 6.900000 1
0.519615 7.100000 1
0.519615 7.300002 1
0.519613 7.500002 1
0.519607 7.699993 1
0.519617 7.899950 1
0.519721 8.099868 1
0.520078 8.299863 1
0.520832 8.500332 1
0.521715 8.701867 1
0.522033 8.904896 1
0.520167 9.108484 1
0.516094 9.309842 1
0.502026 9.483924 1
0.691279 9.438541 1
0.905519 9.469888 1
1.102293 9.477044 1
1.300466 9.479819 1
1.499710 9.480616 1
1.699596 9.480661 1
1.899716 9.480534 1
2.099850 9.480433 1
2.299935 9.480390 1
2.499976 9.480380 1
2.699993 9.480382 1
2.899999 9.480384 1
3.100000 9.480385 1
3.300000 9.480385 1
3.500000 9.480385 1
3.700000 9.480385 1
3.900000 9.480385 1
4.100000 9.480385 2
0.692821 3.199999 1
0.692820 3.400000 1
0.692820 3.600000 1
0.692820 3.800000 1
0.692820 4.000000 1
0.692820 4.200000 1
0.692820 4.400000 1
0.692820 4.600000 1
0.692820 4.800000 1
0.692820 5.000000 1
0.692820 5.200000 1
0.692820 5.400000 1
0.692820 5.600000 1
0.692820 5.800000 1
0.692820 6.000000 1
0.692820 6.200000 1
0.692820 6.400000 1
0.692820 6.600000 1
0.692820 6.800000 1
0.692822 7.000001 1
0.692824 7.200005 1
0.692827 7.400013 1
0.692819 7.600022 1
0.692793 7.799987 1
0.692804 7.999825 1
0.693086 8.199495 1
0.694128 8.399289 1
0.696392 8.600256 1
0.698498 8.803503 1
0.699922 9.010504 1
0.692332 9.217192 1
0.837106 9.311172 1
1.006657 9.305138 1
1.201722 9.308072 1
1.399538 9.308581 1
1.599009 9.308180 1
1.799177 9.307693 1
1.999483 9.307365 1
2.199725 9.307206 1
2.399874 9.307160 1
2.599952 9.307162 1
2.799986 9.307173 1
2.999997 9.307178 1
3.200000 9.307179 1
3.400000 9.307179 1
3.600000 9.307179 1
3.800000 9.307179 1
4.000000 9.307179 1
0.692821 2.999996 2
4.200000 9.307179 2
0.866029 3.099989 2
0.866026 3.299998 1
0.866025 3.500000 1
0.866025 3.700000 1
0.866025 3.900000 1
0.866025 4.100000 1
0.866025 4.300000 1
0.866025 4.500000 1
0.866025 4.700000 1
0.866025 4.900000 1
0.866025 5.100000 1
0.866025 5.300000 1
0.866025 5.500000 1
0.866025 5.700000 1
0.866025 5.900000 1
0.866025 6.100000 1
0.866025 6.300000 1
0.866025 6.500000 1
0.866026 6.700000 1
0.866029 6.900002 1
0.866039 7.100008 1
0.866061 7.300032 1
0.866084 7.500082 1
0.866058 7.700128 1
0.865936 7.900033 1
0.865847 8.099525 1
0.866400 8.298420 1
0.868979 8.497291 1
0.875921 8.699565 1
0.877405 8.904689 1
0.891755 9.125154 1
1.103856 9.139504 1
1.299141 9.138507 1
1.497783 9.136682 1
1.697985 9.135341 1
1.898566 9.134526 1
2.099104 9.134078 1
2.299514 9.133916 1
2.499775 9.133906 1
2.699914 9.133938 1
2.899974 9.133962 1
3.099994 9.133972 1
3.299999 9.133974 1
3.500000 9.133975 1
3.700000 9.133975 1
3.900000 9.133975 1
4.100000 9.133975 1
4.300000 9.133975 2
1.039239 3.199976 2
1.039232 3.399995 1
1.039231 3.599999 1
1.039230 3.800000 1
1.039230 4.000000 1
1.039230 4.200000 1
1.039230 4.400000 1
1.039230 4.600000 1
1.039230 4.800000 1
1.039230 5.000000 1
1.039230 5.200000 1
1.039230 5.400000 1
1.039230 5.600000 1
1.039230 5.800000 1
1.039230 6.000000 1
1.039230 6.200000 1
1.039230 6.400000 1
1.039231 6.600001 1
1.039236 6.800003 1
1.039256 7.000013 1
1.039316 7.200050 1
1.039425 7.400152 1
1.039524 7.600350 1
1.039431 7.800554 1
1.038928 8.000355 1
1.038239 8.198991 1
1.038748 8.395752 1
1.043566 8.590389 1
1.072745 8.801568 1
1.028295 8.988511 1
1.197861 8.972159 1
1.395215 8.966660 1
1.595684 8.963572 1
1.796708 8.962122 1
1.997642 8.961090 1
2.198525 8.960625 1
2.399208 8.960560 1
2.599639 8.960635 1
2.799864 8.960711 1
2.999959 8.960751 1
3.199991 8.960765 1
3.399999 8.960769 1
3.600000 8.960770 1
3.800000 8.960770 1
4.000000 8.960770 1
4.200000 8.960770 2
1.212449 3.299958 1
1.212438 3.499990 1
1.212436 3.699999 1
1.212436 3.900000 1
1.212436 4.100000 1
1.212436 4.300000 1
1.212436 4.500000 1
1.212436 4.700000 1
1.212436 4.900000 1
1.212436 5.100000 1
1.212436 5.300000 1
1.212436 5.500000 1
1.212436 5.700000 1
1.212436 5.900000 1
1.212436 6.100000 1
1.212436 6.300000 1
1.212436 6.500001 1
1.212441 6.700006 1
1.212470 6.900021 1
1.212568 7.100065 1
1.212807 7.300199 1
1.213204 7.500542 1
1.213525 7.701184 1
1.213168 7.901902 1
1.211372 8.101635 1
1.208524 8.298485 1
1.207365 8.490920 1
1.198787 8.657331 1
1.289487 8.798874 1
1.491479 8.791008 1
1.693833 8.790569 1
1.894788 8.788484 1
2.096297 8.787249 1
2.297776 8.787024 1
2.498837 8.787168 1
2.699479 8.787353 1
2.899807 8.787477 1
3.099944 8.787536 1
3.299988 8.787558 1
3.499998 8.787563 1
3.700000 8.787564 2
3.900000 8.787564 2
4.100000 8.787564 2
1.212491 3.099857 2
1.385725 3.199780 2
1.385661 3.399933 1
1.385644 3.599984 1
1.385641 3.799997 1
1.385641 4.000000 1
1.385641 4.200000 1
1.385641 4.400000 1
1.385641 4.600000 1
1.385641 4.800000 1
1.385641 5.000000 1
1.385641 5.200000 1
1.385641 5.400000 1
1.385641 5.600000 1
1.385641 5.800000 1
1.385641 6.000000 1
1.385641 6.200000 1
1.385641 6.400003 1
1.385645 6.600013 1
1.385671 6.800036 1
1.385785 7.000087 1
1.386127 7.200213 1
1.386880 7.400575 1
1.388046 7.601508 1
1.388889 7.803306 1
1.387798 8.005581 1
1.382062 8.205519 1
1.373500 8.398758 1
1.381267 8.605203 1
1.592447 8.622175 1
1.789969 8.617206 1
1.991925 8.613585 1
2.194823 8.613128 1
2.396979 8.613378 1
2.598446 8.613739 1
2.799324 8.614036 1
2.999760 8.614221 1
3.199934 8.614312 1
3.399987 8.614347 1
3.599998 8.614357 2
1.558960 3.299690 2
1.558875 3.499902 1
1.558851 3.699975 1
1.558847 3.899996 1
1.558846 4.099999 1
1.558846 4.300000 1
1.558846 4.500000 1
1.558846 4.700000 1
1.558846 4.900000 1
1.558846 5.100000 1
1.558846 5.300000 1
1.558846 5.500000 1
1.558846 5.700000 1
1.558846 5.900000 1
1.558846 6.100001 1
1.558845 6.300006 1
1.558846 6.500023 1
1.558861 6.700066 1
1.558951 6.900141 1
1.559287 7.100255 1
1.560212 7.300487 1
1.562179 7.501207 1
1.565275 7.703406 1
1.567110 7.907842 1
1.565199 8.115053 1
1.546206 8.315174 1
1.515137 8.478414 1
1.681332 8.452022 1
1.883240 8.437768 1
2.089862 8.438546 1
2.293504 8.439113 1
2.496213 8.439630 1
2.698119 8.440176 1
2.899234 8.440637 1
3.099753 8.440932 1
3.299941 8.441079 1
3.499990 8.441135 2
1.732201 3.399587 2
1.732091 3.599865 1
1.732059 3.799964 1
1.732052 3.999993 1
1.732051 4.199999 1
1.732051 4.400000 1
1.732051 4.600000 1
1.732051 4.800000 1
1.732051 5.000000 1
1.732051 5.200000 1
1.732051 5.400000 1
1.732051 5.600000 1
1.732051 5.800000 1
1.732051 6.000001 1
1.732049 6.200009 1
1.732046 6.400037 1
1.732044 6.600110 1
1.732081 6.800243 1
1.732294 7.000411 1
1.733050 7.200540 1
1.735063 7.400663 1
1.739484 7.601478 1
1.748008 7.806480 1
1.749123 8.015097 1
1.759415 8.243134 1
1.984877 8.263465 1
2.188312 8.264641 1
2.392163 8.264791 1
2.595653 8.265425 1
2.798052 8.266356 1
2.999314 8.267144 1
3.199824 8.267626 1
3.399973 8.267846 1
3.600001 8.267923 2
1.905448 3.499480 2
1.905309 3.699824 1
1.905268 3.899951 1
1.905258 4.099989 1
1.905256 4.299998 1
1.905256 4.500000 1
1.905256 4.700000 1
1.905256 4.900000 1
1.905256 5.100000 1
1.905256 5.300000 1
1.905256 5.500000 1
1.905256 5.700000 1
1.905255 5.900002 1
1.905252 6.100012 1
1.905241 6.300050 1
1.905221 6.500155 1
1.905201 6.700376 1
1.905248 6.900702 1
1.905595 7.100961 1
1.906852 7.300796 1
1.910262 7.499844 1
1.918193 7.697887 1
1.950637 7.914224 1
1.905195 8.105431 1
2.081671 8.092043 1
2.285515 8.089336 1
2.491219 8.088972 1
2.695870 8.090572 1
2.898513 8.092359 1
3.099648 8.093670 1
3.299981 8.094345 1
3.500030 8.094620 1
3.700018 8.094711 2
2.078700 3.599380 2
2.078535 3.799781 2
2.078482 3.999936 2
2.078466 4.199985 1
2.078462 4.399997 1
2.078461 4.600000 1
2.078461 4.800000 1
2.078461 5.000000 1
2.078461 5.200000 1
2.078461 5.400000 1
2.078461 5.600000 1
2.078460 5.800002 1
2.078453 6.000012 1
2.078431 6.200055 1
2.078385 6.400184 1
2.078314 6.600483 1
2.078237 6.801019 1
2.078204 7.001676 1
2.078452 7.201922 1
2.079786 7.400774 1
2.083716 7.597122 1
2.078538 7.767920 1
2.174426 7.914770 1
2.383395 7.908900 1
2.592511 7.912008 1
2.797459 7.915435 1
2.999648 7.918645 1
3.200182 7.920352 1
3.400192 7.921098 1
3.600108 7.921392 1
3.800045 7.921496 2
2.251704 4.099922 2
2.251678 4.299981 1
2.251669 4.499996 1
2.251667 4.699999 1
2.251666 4.900000 1
2.251666 5.100000 1
2.251666 5.300000 1
2.251666 5.500000 1
2.251665 5.700000 1
2.251654 5.900009 1
2.251617 6.100050 1
2.251531 6.300183 1
2.251385 6.500513 1
2.251218 6.701183 1
2.251061 6.902292 1
2.250695 7.103502 1
2.250006 7.303535 1
2.250219 7.500392 1
2.266146 7.714409 1
2.489129 7.730742 1
2.696465 7.733715 1
2.900723 7.741913 1
3.101047 7.745561 1
3.300744 7.747126 1
3.500437 7.747838 1
3.700216 7.748157 1
3.900084 7.748278 2
2.424937 4.199905 2
2.424893 4.399971 1
2.424877 4.599992 1
2.424872 4.799998 1
2.424871 5.000000 1
2.424871 5.200000 1
2.424873 5.400000 1
2.424874 5.600000 1
2.424864 5.800005 1
2.424814 6.000040 1
2.424676 6.200160 1
2.424412 6.400469 1
2.424063 6.601118 1
2.423835 6.802324 1
2.423895 7.004465 1
2.422534 7.206843 1
2.418560 7.406425 1
2.403279 7.577728 1
2.592106 7.533823 1
2.806262 7.564362 1
3.003457 7.570261 1
3.202073 7.572492 1
3.401317 7.573784 1
3.600752 7.574581 1
3.800338 7.574939 2
2.598183 4.299863 2
2.598115 4.499947 1
2.598088 4.699982 1
2.598079 4.899995 1
2.598078 5.099999 1
2.598082 5.300001 1
2.598092 5.500003 1
2.598095 5.700013 1
2.598049 5.900046 1
2.597872 6.100151 1
2.597476 6.300423 1
2.596818 6.500985 1
2.596102 6.701903 1
2.596188 6.903456 1
2.598819 7.108148 1
2.593208 7.313585 1
2.737675 7.405842 1
2.907501 7.396818 1
3.104120 7.397239 1
3.303066 7.398692 1
3.502099 7.400577 2
3.701054 7.401469 2
2.771452 4.399749 1
2.771350 4.599888 1
2.771303 4.799959 1
2.771289 4.999989 1
2.771296 5.200000 1
2.771325 5.400011 1
2.771370 5.600039 1
2.771375 5.800104 1
2.771208 6.000234 1
2.770708 6.200493 1
2.769780 6.401011 1
2.768332 6.601799 1
2.766730 6.802329 1
2.767443 7.001482 1
2.789770 7.217824 1
3.004847 7.222243 1
3.205392 7.220417 1
3.405137 7.225986 2
2.771655 4.199502 2
2.945043 4.299105 2
2.944766 4.499521 1
2.944603 4.699786 1
2.944527 4.899924 1
2.944517 5.099982 1
2.944571 5.300014 1
2.944699 5.500071 1
2.944854 5.700213 1
2.944842 5.900488 1
2.944321 6.100876 1
2.943111 6.301359 1
2.941442 6.502273 1
2.938346 6.703360 1
2.933628 6.902309 1
2.919777 7.074007 1
3.103961 7.025118 1
3.312979 7.051863 1
3.506199 7.055682 2
3.118584 4.398415 2
3.118154 4.599186 1
3.117883 4.799658 1
3.117774 4.999887 1
3.117818 5.199984 1
3.118045 5.400070 1
3.118476 5.600294 1
3.118910 5.800822 1
3.118761 6.001706 1
3.117218 6.202582 1
3.114595 6.402964 1
3.113686 6.605107 1
3.105796 6.807573 1
3.246566 6.896933 1
3.411945 6.887214 1
3.603405 6.885714 2
3.292369 4.497565 2
3.291625 4.698853 1
3.291190 4.899559 1
3.291081 5.099869 1
3.291326 5.300003 1
3.292045 5.500215 1
3.293254 5.700898 1
3.294283 5.902485 1
3.293627 6.104989 1
3.288837 6.306361 1
3.282647 6.503179 1
3.298705 6.713931 1
3.504291 6.721057 2
3.466382 4.596951 2
3.465122 4.798721 2
3.464505 4.999568 1
3.464505 5.199877 1
3.465260 5.399986 1
3.467137 5.600390 1
3.470250 5.802162 1
3.472327 6.006245 1
3.471079 6.213562 1
3.453721 6.414768 1
3.425761 6.579841 1
3.588941 6.549791 2
3.638500 4.898977 2
3.637753 5.099737 1
3.638042 5.299843 1
3.639778 5.499630 1
3.644010 5.699929 1
3.652457 5.904323 1
3.653785 6.112446 1
3.664689 6.340184 2
3.811523 4.999689 2
3.810730 5.200062 1
3.811397 5.399538 1
3.814403 5.598020 1
3.822016 5.795403 1
3.854137 6.010942 1
3.809010 6.201818 1
3.888225 6.359203 2
3.984338 6.187819 2
3.983922 5.100821 2
3.982996 5.300550 2
3.983646 5.498712 2
3.987065 5.694353 2
3.981576 5.864599 2
3.986436 4.900120 2
4.076795 6.010706 2
4.158014 5.002370 3
 0 1 2
 2 3 4
 4 5 6
 6 7 8
 8 9 10
 10 11 12
 12 13 14
 14 15 16
 16 17 18
 18 19 20
 20 21 22
 23 22 24
 25 26 23
 27 28 26
 29 30 28
 31 32 30
 33 34 32
 35 36 34
 37 38 36
 39 40 38
 41 42 40
 43 44 42
 45 46 44
 47 48 46
 49 50 48
 51 52 50
 53 54 52
 55 56 54
 57 58 56
 59 60 58
 61 62 60
 63 64 62
 65 66 64
 67 68 66
 69 70 68
 70 71 72
 71 73 72
 73 74 75
 75 76 77
 77 78 79
 79 80 81
 81 82 83
 83 84 85
 85 86 87
 87 88 89
 89 90 91
 91 92 93
 93 94 95
 95 96 97
 97 98 99
 99 100 101
 101 102 103
 103 104 105
 105 106 107
 107 108 109
 109 110 111
 111 112 113
 113 114 115
 2 1 3
 4 3 5
 6 5 7
 8 7 9
 10 9 11
 12 11 13
 14 13 15
 16 15 17
 18 17 19
 20 19 21
 24 22 21
 24 25 23
 25 27 26
 27 29 28
 29 31 30
 31 33 32
 33 35 34
 35 37 36
 37 39 38
 39 41 40
 41 43 42
 43 45 44
 45 47 46
 47 49 48
 49 51 50
 51 53 52
 53 55 54
 55 57 56
 57 59 58
 59 61 60
 61 63 62
 63 65 64
 65 67 66
 67 69 68
 116 70 69
 71 70 116
 73 71 116
 74 76 75
 73 116 74
 76 78 77
 78 80 79
 80 82 81
 82 84 83
 84 86 85
 86 88 87
 88 90 89
 90 92 91
 92 94 93
 94 96 95
 96 98 97
 98 100 99
 100 102 101
 102 104 103
 104 106 105
 106 108 107
 108 110 109
 110 112 111
 112 114 113
 117 3 1
 118 5 3
 119 7 5
 120 9 7
 9 121 11
 11 122 13
 13 123 15
 15 124 17
 17 125 19
 19 126 21
 24 21 127
 25 24 128
 27 25 129
 29 27 130
 31 29 131
 33 31 132
 35 33 133
 37 35 134
 39 37 135
 41 39 136
 43 41 137
 45 43 138
 47 45 139
 49 47 140
 51 49 141
 53 51 142
 55 53 143
 57 55 144
 59 57 145
 61 59 146
 63 61 147
 65 63 148
 67 65 149
 69 67 150
 69 74 116
 150 76 74
 76 151 78
 78 152 80
 80 153 82
 82 154 84
 84 155 86
 156 88 86
 88 157 90
 90 158 92
 92 159 94
 94 160 96
 96 161 98
 98 162 100
 100 163 102
 102 164 104
 104 165 106
 106 166 108
 108 167 110
 110 168 112
 112 169 114
 117 118 3
 118 119 5
 119 120 7
 9 120 121
 11 121 122
 13 122 123
 15 123 124
 17 124 125
 19 125 126
 127 21 126
 128 24 127
 129 25 128
 130 27 129
 131 29 130
 132 31 131
 133 33 132
 134 35 133
 135 37 134
 136 39 135
 137 41 136
 138 43 137
 139 45 138
 140 47 139
 141 49 140
 142 51 141
 143 53 142
 144 55 143
 145 57 144
 146 59 145
 147 61 146
 148 63 147
 149 65 148
 150 67 149
 69 150 74
 151 76 150
 151 152 78
 152 153 80
 153 154 82
 154 155 84
 155 156 86
 157 88 156
 157 158 90
 158 159 92
 159 160 94
 160 161 96
 161 162 98
 162 163 100
 163 164 102
 164 165 104
 165 166 106
 166 167 108
 167 168 110
 168 169 112
 117 170 118
 118 171 119
 119 172 120
 120 173 121
 122 121 174
 123 122 175
 124 123 176
 125 124 177
 126 125 178
 179 127 126
 128 127 180
 129 128 181
 130 129 182
 131 130 183
 132 131 184
 133 132 185
 134 133 186
 135 134 187
 136 135 188
 137 136 189
 138 137 190
 139 138 191
 140 139 192
 141 140 193
 141 194 142
 143 142 195
 144 143 196
 145 144 197
 146 145 198
 147 146 199
 148 147 200
 201 149 148
 150 149 202
 150 202 151
 151 203 152
 152 204 153
 153 205 154
 154 206 155
 155 207 156
 156 208 157
 157 209 158
 210 159 158
 159 211 160
 160 212 161
 161 213 162
 162 214 163
 163 215 164
 164 216 165
 165 217 166
 166 218 167
 167 219 168
 168 220 169
 118 170 171
 119 171 172
 120 172 173
 174 121 173
 175 122 174
 176 123 175
 177 124 176
 178 125 177
 178 179 126
 180 127 179
 181 128 180
 182 129 181
 183 130 182
 184 131 183
 185 132 184
 186 133 185
 187 134 186
 188 135 187
 189 136 188
 190 137 189
 191 138 190
 192 139 191
 193 140 192
 141 193 194
 195 142 194
 196 143 195
 197 144 196
 198 145 197
 199 146 198
 200 147 199
 200 201 148
 202 149 201
 151 202 203
 203 204 152
 204 205 153
 205 206 154
 206 207 155
 207 208 156
 208 209 157
 209 210 158
 211 159 210
 211 212 160
 212 213 161
 213 214 162
 214 215 163
 215 216 164
 216 217 165
 217 218 166
 218 219 167
 219 220 168
 171 170 221
 172 171 222
 173 172 223
 174 173 224
 225 175 174
 226 176 175
 227 177 176
 228 178 177
 179 178 229
 180 179 230
 181 180 231
 182 181 232
 183 182 233
 184 183 234
 185 184 235
 186 185 236
 187 186 237
 188 187 238
 189 188 239
 190 189 240
 191 190 241
 191 242 192
 193 192 243
 194 193 244
 195 194 245
 196 195 246
 197 196 247
 198 197 248
 199 198 249
 200 199 250
 201 200 251
 203 202 201
 203 252 204
 204 253 205
 254 206 205
 206 255 207
 207 256 208
 208 257 209
 258 210 209
 210 259 211
 211 260 212
 261 213 212
 213 262 214
 263 215 214
 215 264 216
 216 265 217
 217 266 218
 218 267 219
 219 268 220
 221 170 269
 222 171 221
 223 172 222
 224 173 223
 224 225 174
 225 226 175
 226 227 176
 227 228 177
 229 178 228
 230 179 229
 231 180 230
 232 181 231
 233 182 232
 234 183 233
 235 184 234
 236 185 235
 237 186 236
 238 187 237
 239 188 238
 240 189 239
 241 190 240
 191 241 242
 243 192 242
 244 193 243
 245 194 244
 246 195 245
 247 196 246
 248 197 247
 249 198 248
 250 199 249
 251 200 250
 203 201 251
 252 253 204
 203 251 252
 253 254 205
 255 206 254
 255 256 207
 256 257 208
 257 258 209
 259 210 258
 259 260 211
 260 261 212
 262 213 261
 262 263 214
 264 215 263
 264 265 216
 265 266 217
 266 267 218
 267 268 219
 268 270 220
 271 221 269
 272 222 221
 273 223 222
 274 224 223
 225 224 275
 226 225 276
 227 226 277
 228 227 278
 229 228 279
 230 229 280
 231 230 281
 232 231 282
 233 232 283
 234 233 284
 235 234 285
 236 235 286
 236 287 237
 238 237 288
 238 289 239
 239 290 240
 291 241 240
 242 241 292
 242 293 243
 244 243 294
 245 244 295
 246 245 296
 247 246 297
 247 298 248
 248 299 249
 250 249 300
 251 250 301
 301 253 252
 251 301 252
 253 302 254
 303 255 254
 304 256 255
 256 305 257
 257 306 258
 258 307 259
 259 308 260
 309 261 260
 261 310 262
 262 311 263
 312 264 263
 313 265 264
 265 314 266
 315 267 266
 267 316 268
 268 317 270
 271 272 221
 272 273 222
 273 274 223
 275 224 274
 276 225 275
 277 226 276
 278 227 277
 279 228 278
 280 229 279
 281 230 280
 282 231 281
 283 232 282
 284 233 283
 285 234 284
 286 235 285
 236 286 287
 288 237 287
 238 288 289
 239 289 290
 290 291 240
 292 241 291
 242 292 293
 294 243 293
 295 244 294
 296 245 295
 297 246 296
 247 297 298
 248 298 299
 300 249 299
 301 250 300
 302 253 301
 302 303 254
 304 255 303
 305 256 304
 305 306 257
 306 307 258
 307 308 259
 308 309 260
 310 261 309
 310 311 262
 311 312 263
 313 264 312
 314 265 313
 314 315 266
 316 267 315
 316 317 268
 317 318 270
 271 319 272
 273 272 320
 274 273 321
 275 274 322
 276 275 323
 277 276 324
 278 277 325
 326 279 278
 327 280 279
 281 280 328
 282 281 329
 282 330 283
 283 331 284
 332 285 284
 285 333 286
 286 334 287
 288 287 335
 289 288 336
 290 289 337
 290 338 291
 292 291 339
 293 292 340
 294 293 341
 295 294 342
 296 295 343
 296 344 297
 297 345 298
 298 346 299
 300 299 347
 301 300 348
 301 348 302
 302 349 303
 350 304 303
 305 304 351
 352 306 305
 306 353 307
 307 354 308
 308 355 309
 309 356 310
 310 357 311
 358 312 311
 312 359 313
 313 360 314
 314 361 315
 362 316 315
 363 317 316
 317 364 318
 320 272 319
 321 273 320
 322 274 321
 323 275 322
 324 276 323
 325 277 324
 325 326 278
 326 327 279
 328 280 327
 329 281 328
 282 329 330
 283 330 331
 331 332 284
 285 332 333
 286 333 334
 335 287 334
 336 288 335
 337 289 336
 290 337 338
 339 291 338
 340 292 339
 341 293 340
 342 294 341
 343 295 342
 296 343 344
 297 344 345
 298 345 346
 347 299 346
 348 300 347
 302 348 349
 349 350 303
 351 304 350
 305 351 352
 353 306 352
 353 354 307
 354 355 308
 355 356 309
 356 357 310
 357 358 311
 359 312 358
 359 360 313
 360 361 314
 361 362 315
 363 316 362
 364 317 363
 320 319 365
 321 320 366
 322 321 367
 368 323 322
 324 323 369
 325 324 370
 326 325 371
 327 326 372
 328 327 373
 329 328 374
 329 375 330
 330 376 331
 377 332 331
 333 332 378
 334 333 379
 335 334 380
 336 335 381
 337 336 382
 383 338 337
 339 338 384
 385 340 339
 341 340 386
 342 341 387
 342 388 343
 389 344 343
 344 390 345
 345 391 346
 392 347 346
 348 347 349
 349 393 350
 394 351 350
 352 351 395
 353 352 396
 397 354 353
 354 398 355
 399 356 355
 356 400 357
 357 401 358
 358 402 359
 359 403 360
 404 361 360
 405 362 361
 362 406 363
 363 407 364
 365 319 408
 366 320 365
 367 321 366
 367 368 322
 369 323 368
 370 324 369
 371 325 370
 372 326 371
 373 327 372
 374 328 373
 329 374 375
 330 375 376
 376 377 331
 378 332 377
 379 333 378
 380 334 379
 381 335 380
 382 336 381
 382 383 337
 384 338 383
 384 385 339
 386 340 385
 387 341 386
 342 387 388
 388 389 343
 344 389 390
 345 390 391
 391 392 346
 393 347 392
 349 347 393
 393 394 350
 395 351 394
 352 395 396
 353 396 397
 398 354 397
 398 399 355
 400 356 399
 400 401 357
 401 402 358
 402 403 359
 403 404 360
 405 361 404
 406 362 405
 406 407 363
 409 365 408
 365 410 366
 367 366 411
 368 367 412
 369 368 413
 370 369 414
 415 371 370
 416 372 371
 417 373 372
 418 374 373
 419 375 374
 376 375 420
 377 376 421
 378 377 422
 423 379 378
 424 380 379
 425 381 380
 382 381 426
 383 382 427
 384 383 428
 385 384 429
 430 386 385
 386 431 387
 432 388 387
 433 389 388
 434 390 389
 390 435 391
 392 391 436
 392 436 393
 436 394 393
 437 395 394
 396 395 438
 397 396 439
 398 397 440
 441 399 398
 399 442 400
 400 443 401
 401 444 402
 402 445 403
 403 446 404
 404 447 405
 365 409 410
 411 366 410
 412 367 411
 413 368 412
 414 369 413
 414 415 370
 415 416 371
 416 417 372
 417 418 373
 418 419 374
 420 375 419
 421 376 420
 422 377 421
 422 423 378
 423 424 379
 424 425 380
 426 381 425
 427 382 426
 428 383 427
 429 384 428
 429 430 385
 386 430 431
 431 432 387
 432 433 388
 433 434 389
 390 434 435
 436 391 435
 437 394 436
 438 395 437
 396 438 439
 397 439 440
 398 440 441
 442 399 441
 442 443 400
 443 444 401
 444 445 402
 445 446 403
 446 447 404
 410 409 448
 411 410 449
 450 412 411
 413 412 451
 413 452 414
 453 415 414
 454 416 415
 455 417 416
 456 418 417
 419 418 457
 458 420 419
 459 421 420
 460 422 421
 461 423 422
 424 423 462
 425 424 463
 426 425 464
 427 426 465
 466 428 427
 428 467 429
 429 468 430
 430 469 431
 470 432 431
 471 433 432
 472 434 433
 434 473 435
 436 435 474
 436 474 437
 475 438 437
 439 438 476
 439 477 440
 441 440 478
 442 441 479
 480 443 442
 481 444 443
 444 482 445
 445 483 446
 484 447 446
 449 410 448
 449 450 411
 451 412 450
 413 451 452
 452 453 414
 453 454 415
 454 455 416
 455 456 417
 457 418 456
 457 458 419
 458 459 420
 459 460 421
 460 461 422
 462 423 461
 463 424 462
 464 425 463
 465 426 464
 465 466 427
 428 466 467
 429 467 468
 430 468 469
 469 470 431
 470 471 432
 471 472 433
 434 472 473
 473 474 435
 474 475 437
 476 438 475
 439 476 477
 477 478 440
 441 478 479
 442 479 480
 481 443 480
 482 444 481
 482 483 445
 483 484 446
 485 449 448
 486 450 449
 487 451 450
 451 488 452
 452 489 453
 453 490 454
 454 491 455
 455 492 456
 457 456 493
 494 458 457
 495 459 458
 460 459 496
 461 460 497
 462 461 498
 499 463 462
 464 463 500
 465 464 501
 466 465 502
 466 503 467
 467 504 468
 505 469 468
 506 470 469
 507 471 470
 508 472 471
 472 509 473
 473 475 474
 509 476 475
 477 476 510
 477 511 478
 478 512 479
 480 479 513
 481 480 514
 481 515 482
 516 483 482
 517 484 483
 485 486 449
 486 487 450
 451 487 488
 452 488 489
 453 489 490
 454 490 491
 455 491 492
 493 456 492
 493 494 457
 494 495 458
 496 459 495
 497 460 496
 498 461 497
 498 499 462
 500 463 499
 501 464 500
 502 465 501
 466 502 503
 467 503 504
 504 505 468
 505 506 469
 506 507 470
 507 508 471
 472 508 509
 509 475 473
 510 476 509
 477 510 511
 511 512 478
 512 513 479
 480 513 514
 481 514 515
 515 516 482
 517 483 516
 518 484 517
 485 519 486
 486 520 487
 487 521 488
 522 489 488
 523 490 489
 490 524 491
 491 525 492
 492 526 493
 493 527 494
 495 494 528
 495 529 496
 497 496 530
 498 497 531
 499 498 532
 499 533 500
 501 500 534
 501 535 502
 502 536 503
 503 537 504
 538 505 504
 506 505 539
 540 507 506
 507 541 508
 508 542 509
 542 510 509
 511 510 543
 511 544 512
 512 545 513
 513 546 514
 515 514 547
 516 515 548
 549 517 516
 517 550 518
 486 519 520
 487 520 521
 521 522 488
 522 523 489
 490 523 524
 491 524 525
 492 525 526
 493 526 527
 528 494 527
 495 528 529
 530 496 529
 531 497 530
 532 498 531
 499 532 533
 534 500 533
 501 534 535
 502 535 536
 503 536 537
 537 538 504
 539 505 538
 539 540 506
 507 540 541
 541 542 508
 543 510 542
 511 543 544
 544 545 512
 545 546 513
 546 547 514
 515 547 548
 516 548 549
 550 517 549
 550 551 518
 552 520 519
 520 553 521
 521 554 522
 522 555 523
 524 523 556
 524 557 525
 525 558 526
 527 526 559
 527 560 528
 528 561 529
 530 529 562
 531 530 563
 532 531 564
 532 565 533
 533 566 534
 535 534 567
 535 568 536
 569 537 536
 538 537 570
 571 539 538
 540 539 572
 540 573 541
 541 543 542
 544 543 574
 544 575 545
 546 545 576
 546 577 547
 547 578 548
 549 548 579
 550 549 580
 581 551 550
 520 552 553
 521 553 554
 522 554 555
 556 523 555
 524 556 557
 525 557 558
 559 526 558
 527 559 560
 528 560 561
 562 529 561
 563 530 562
 564 531 563
 532 564 565
 533 565 566
 567 534 566
 535 567 568
 568 569 536
 570 537 569
 570 571 538
 572 539 571
 540 572 573
 573 574 541
 574 543 541
 544 574 575
 575 576 545
 546 576 577
 577 578 547
 578 579 548
 549 579 580
 550 580 581
 582 551 581
 555 554 583
 555 584 556
 585 557 556
 586 558 557
 587 559 558
 560 559 588
 560 589 561
 562 561 590
 562 591 563
 564 563 592
 565 564 593
 565 594 566
 566 595 567
 568 567 596
 597 569 568
 569 598 570
 570 599 571
 572 571 600
 601 573 572
 574 573 601
 575 574 601
 575 602 576
 577 576 603
 578 577 604
 578 605 579
 579 606 580
 607 581 580
 608 582 581
 555 583 584
 584 585 556
 585 586 557
 586 587 558
 588 559 587
 560 588 589
 590 561 589
 562 590 591
 592 563 591
 593 564 592
 565 593 594
 566 594 595
 596 567 595
 596 597 568
 569 597 598
 570 598 599
 600 571 599
 600 601 572
 575 601 602
 602 603 576
 577 603 604
 578 604 605
 605 606 579
 606 607 580
 608 581 607
 609 582 608
 583 610 584
 584 611 585
 585 612 586
 586 613 587
 587 614 588
 589 588 615
 590 589 616
 591 590 617
 591 618 592
 592 619 593
 594 593 620
 595 594 621
 622 596 595
 623 597 596
 624 598 597
 625 599 598
 626 600 599
 627 601 600
 602 601 627
 602 628 603
 604 603 629
 605 604 630
 606 605 631
 607 606 632
 607 633 608
 608 634 609
 584 610 611
 585 611 612
 586 612 613
 587 613 614
 615 588 614
 616 589 615
 617 590 616
 591 617 618
 592 618 619
 620 593 619
 621 594 620
 621 622 595
 622 623 596
 623 624 597
 624 625 598
 625 626 599
 627 600 626
 602 627 628
 628 629 603
 604 629 630
 605 630 631
 606 631 632
 607 632 633
 633 634 608
 635 611 610
 611 636 612
 612 637 613
 638 614 613
 614 639 615
 615 640 616
 641 617 616
 642 618 617
 619 618 643
 644 620 619
 620 645 621
 646 622 621
 622 647 623
 648 624 623
 649 625 624
 626 625 650
 627 626 628
 628 651 629
 629 652 630
 631 630 653
 632 631 654
 632 655 633
 656 634 633
 611 635 636
 612 636 637
 637 638 613
 614 638 639
 615 639 640
 640 641 616
 641 642 617
 643 618 642
 643 644 619
 620 644 645
 645 646 621
 622 646 647
 647 648 623
 648 649 624
 650 625 649
 626 650 628
 651 652 629
 650 651 628
 652 653 630
 631 653 654
 632 654 655
 655 656 633
 657 636 635
 658 637 636
 638 637 659
 638 660 639
 661 640 639
 641 640 662
 663 642 641
 642 664 643
 643 665 644
 666 645 644
 645 667 646
 668 647 646
 669 648 647
 649 648 670
 671 650 649
 651 671 652
 651 650 671
 652 672 653
 653 673 654
 654 674 655
 675 657 635
 657 658 636
 659 637 658
 638 659 660
 660 661 639
 662 640 661
 662 663 641
 642 663 664
 643 664 665
 665 666 644
 645 666 667
 667 668 646
 668 669 647
 670 648 669
 670 671 649
 671 672 652
 672 673 653
 673 674 654
 676 657 675
 677 658 657
 659 658 678
 660 659 679
 680 661 660
 681 662 661
 662 682 663
 664 663 683
 665 664 684
 665 685 666
 667 666 686
 687 668 667
 688 669 668
 670 669 689
 671 670 690
 671 690 672
 672 691 673
 673 692 674
 676 677 657
 678 658 677
 679 659 678
 679 680 660
 680 681 661
 662 681 682
 683 663 682
 684 664 683
 665 684 685
 686 666 685
 686 687 667
 687 688 668
 689 669 688
 690 670 689
 672 690 691
 691 692 673
 692 693 674
 694 677 676
 678 677 695
 679 678 696
 679 697 680
 681 680 698
 699 682 681
 682 700 683
 683 701 684
 685 684 702
 703 686 685
 704 687 686
 705 688 687
 706 689 688
 691 690 689
 691 707 692
 692 708 693
 695 677 694
 696 678 695
 679 696 697
 698 680 697
 698 699 681
 682 699 700
 683 700 701
 702 684 701
 702 703 685
 703 704 686
 704 705 687
 705 706 688
 691 689 706
 707 708 692
 691 706 707
 708 709 693
 710 695 694
 696 695 711
 712 697 696
 697 713 698
 699 698 714
 700 699 715
 700 716 701
 701 717 702
 718 703 702
 719 704 703
 705 704 720
 721 706 705
 721 708 707
 706 721 707
 708 722 709
 711 695 710
 711 712 696
 697 712 713
 714 698 713
 715 699 714
 700 715 716
 701 716 717
 717 718 702
 718 719 703
 720 704 719
 720 721 705
 722 708 721
 723 711 710
 724 712 711
 713 712 725
 714 713 726
 715 714 727
 715 728 716
 729 717 716
 718 717 730
 731 719 718
 732 720 719
 721 720 733
 721 733 722
 723 724 711
 725 712 724
 726 713 725
 727 714 726
 715 727 728
 728 729 716
 730 717 729
 730 731 718
 731 732 719
 733 720 732
 722 733 734
 724 735 725
 726 725 736
 726 737 727
 727 738 728
 729 728 739
 729 740 730
 731 730 741
 742 732 731
 732 734 733
 736 725 735
 726 736 737
 727 737 738
 739 728 738
 729 739 740
 741 730 740
 741 742 731
 732 742 734
 735 743 736
 744 737 736
 738 737 745
 739 738 746
 740 739 747
 740 748 741
 741 749 742
 749 750 742
 743 744 736
 745 737 744
 746 738 745
 747 739 746
 740 747 748
 741 748 749
 749 751 750
 743 752 744
 745 744 753
 754 746 745
 747 746 755
 748 747 756
 749 748 751
 743 757 752
 753 744 752
 753 754 745
 755 746 754
 756 747 755
 758 748 756
 751 748 758
 752 757 759
 27
 759 757 743 735 724 723 710 694 676 675 635 610 583 554 553 552 519 485 448 409 408 319 271 269 170 117 1
 0
 0
 33
 759 758 756 755 754 753 752 751 742 750 734 722 709 693 674 655 656 634 609 582 551 518 484 447 405 406 407 364 318 270 220 169 114
